version: 1
creator: callgrind-3.11.0
pid: 18317
cmd:  ./um midmark.um
part: 1


desc: I1 cache: 
desc: D1 cache: 
desc: LL cache: 

desc: Timerange: Basic block 0 - 6236672690
desc: Trigger: Program termination

positions: line
events: Ir
summary: 39569029901


ob=(2) ???
fl=(16) ???
fn=(294) 0x0000000000400918
0 6

fn=(666) 0x0000000004c962d8
0 3

fn=(364) 0x0000000004f478c0
0 1
cob=(3) /usr/lib64/libc-2.17.so
cfi=(79) /usr/src/debug/glibc-2.17-c758a686/malloc/malloc.c
cfn=(320) malloc
calls=1 2888 
0 176

fn=(656) 0x0000000004c2b308
0 1
cob=(3)
cfi=(111) /usr/src/debug/glibc-2.17-c758a686/stdlib/cxa_finalize.c
cfn=(636) __cxa_finalize
calls=1 30 
0 53

fn=(648) 0x0000000004a247a8
0 3

fn=(226) 0x0000000004a24510
0 6

fn=(464) 0x0000000004f478c8
0 363
cob=(3)
cfi=(79)
cfn=(466) free
calls=363 2924 
0 2648

fn=(622) 0x0000000000402c70
0 3

fn=(258) 0x0000000004c2b170
0 6

ob=(3)
fl=(100) /usr/src/debug////////glibc-2.17-c758a686/misc/../sysdeps/unix/syscall-template.S
fn=(456) munmap
81 12
+1 3

fl=(94) /usr/src/debug/glibc-2.17-c758a686/libio/filedoalloc.c
fn=(408) _IO_file_doallocate
96 10
+15 8
fi=(97) /usr/src/debug/glibc-2.17-c758a686/libio/libioP.h
957 6
+2 4
+1 4
fe=(94)
111 6
cfi=(88) /usr/src/debug/glibc-2.17-c758a686/libio/fileops.c
cfn=(410) _IO_file_stat
calls=2 1270 
* 28
* 4
+2 8
+11 9
-14 1
+18 6
cfi=(96) /usr/src/debug/glibc-2.17-c758a686/misc/../sysdeps/unix/sysv/linux/wordsize-64/mmap.c
cfn=(414) mmap
calls=1 -96 
* 33
* 6
cfi=(96)
cfn=(414)
calls=1 -96 
* 33
* 4
+1 10
cfi=(87) /usr/src/debug/glibc-2.17-c758a686/libio/genops.c
cfn=(416) _IO_setb
calls=2 400 
* 42
+1 2
+1 13
-13 1
fi=(114) /usr/src/debug/glibc-2.17-c758a686/libio/../sysdeps/unix/sysv/linux/sys/sysmacros.h
-72 6
fe=(94)
+72 1
-2 2
+5 2

fl=(112) /usr/src/debug/glibc-2.17-c758a686/nptl/../nptl/sysdeps/unix/sysv/linux/unregister-atfork.c
fn=(638) __unregister_atfork
36 2
-8 4
+11 4
+82 4

fl=(49) /usr/src/debug/glibc-2.17-c758a686/time/../sysdeps/unix/sysv/linux/x86_64/gettimeofday.c
fn=(184) gettimeofday
30 1
+1 1
+3 2
-3 4
+3 1
cfi=(46) /usr/src/debug/glibc-2.17-c758a686/elf/../sysdeps/unix/sysv/linux/dl-vdso.c
cfn=(176) _dl_vdso_vsym
calls=1 -7 
* 7
+1 3
+1 3

fl=(104) /usr/src/debug////////glibc-2.17-c758a686/string/../sysdeps/x86_64/multiarch/memcpy.S
fn=(564) memcpy@@GLIBC_2.14
32 1
+2 1
+1 1
+6 1
+1 1
+1 1
+1 1
+1 1
+1 1
+2 1

fl=(83) /usr/src/debug/glibc-2.17-c758a686/malloc/morecore.c
fn=(334) __default_morecore
47 9
+1 9
cfi=(84) /usr/src/debug/glibc-2.17-c758a686/misc/sbrk.c
cfn=(336) sbrk
calls=9 -14 
* 490
+2 27
+2 27

fl=(85) /usr/src/debug/glibc-2.17-c758a686/misc/../sysdeps/unix/sysv/linux/x86_64/brk.c
fn=(338) brk
31 17
-3 17
+3 119
+8 17
-6 34
+7 17

fl=(91) /usr/src/debug/glibc-2.17-c758a686/io/../sysdeps/unix/sysv/linux/wordsize-64/xstat.c
fn=(390) _xstat
36 1
-1 1
+1 1
+1 6
+4 1

fl=(67) /usr/src/debug/glibc-2.17-c758a686/string/../sysdeps/x86_64/cacheinfo.c
fn=(248) init_cacheinfo
478 2
+12 1
-12 1
+12 1
-12 1
+12 1
-12 1
+12 1
648 2
+2 1
+1 1
+2 1
-3 1
+5 1
-5 1
+4 3
+4 2
+2 1
+1 1
+2 1
+4 1
-7 1
+5 1
-5 1
+4 1
+3 2
-3 1
+3 1
-3 1
+3 2
492 2
cfn=(250) handle_intel.isra.0
calls=1 262 
* 844
+4 1
-4 1
+4 1
cfn=(250)
calls=1 262 
* 885
+2 1
-2 1
-1 1
+3 1
+9 3
+2 1
+1 1
+2 1
+5 2
+9 16
-9 12
+6 3
-6 3
+6 3
-6 3
+6 1
-6 1
+6 1
+69 4
+1 6
-65 1
+32 1
-26 5
+7 2
+4 4
+2 4
-6 4
+4 1
-2 1
+2 1
-4 3
+4 1
-2 1
+2 1
+15 1
+1 4
-9 1
+2 2
+1 1
-1 2
+1 1
+1 1

fn=(250)
262 4
+12 2
-12 12
+9 2
+1 4
-3 6
+23 10
cfn=(252) intel_check_word
calls=2 132 
* 1446
+1 4
+3 10
cfn=(252)
calls=2 132 
* 189
+1 4
-17 4
+5 2
-5 4
+5 2
+2 2
+1 2
-1 4
+27 16

fn=(252)
132 32
+1 12
+6 32
+2 4
-2 4
+2 4
+88 8
-76 20
+53 16
+23 40
-1 8
+1 8
cfi=(68) /usr/src/debug/glibc-2.17-c758a686/stdlib/bsearch.c
cfn=(254) bsearch
calls=8 26 
* 1228
+2 16
+22 8
141 16
+2 10
+2 20
-10 2
258 32
-93 10
+5 10
-5 14
+9 2
+2 4
+8 2
+4 2
-2 4
+13 3
-34 15
+5 6
+4 8
+7 9
+9 2
-2 2
+3 2
-1 2
-2 2
+1 2
+1 2
-1 6
+1 2
-2 4

fn=(256) intel_02_known_compare
121 162
+3 162

fl=(64) /usr/src/debug/glibc-2.17-c758a686/misc/init-misc.c
fn=(242) __init_misc
30 4
+1 5
+2 3
cfi=(65) /usr/src/debug////////glibc-2.17-c758a686/string/../sysdeps/x86_64/strrchr.S
cfn=(244) __GI_strrchr
calls=1 -8 
* 34
+4 5
+1 3
+2 4

fl=(109) /usr/src/debug/glibc-2.17-c758a686/stdlib/exit.c
fn=(604) exit
98 2
+1 2
-1 1
+1 1
cfn=(606) __run_exit_handlers
calls=1 -63 
* 2233

fn=(606)
36 9
+5 6
+4 3
-4 3
+4 3
+3 1
-1 1
+2 5
+33 1
+1 1
-1 1
+1 1
+6 2
+1 5
cfi=(87)
cfn=(668) _IO_cleanup
calls=1 1013 
* 286
* 3
+2 2
cfi=(113) /usr/src/debug/glibc-2.17-c758a686/posix/../sysdeps/unix/sysv/linux/_exit.c
cfn=(682) _Exit
calls=1 -64 
* 5
-19 1
+4 2
-2 2
+2 1
cob=(1) /usr/lib64/ld-2.17.so
cfi=(110) /usr/src/debug/glibc-2.17-c758a686/elf/dl-fini.c
cfn=(608) _dl_fini
calls=1 +55 
* 1888
+1 1

fl=(99) /usr/src/debug/glibc-2.17-c758a686/libio/iofclose.c
fn=(444) fclose@@GLIBC_2.2.5
40 3
+14 1
-14 1
+14 3
+3 18
+4 3
-3 2
fi=(97)
885 2
+1 3
fe=(99)
63 1
fi=(97)
957 3
+2 2
+1 2
fe=(99)
63 3
cfi=(88)
cfn=(460) _IO_file_finish@@GLIBC_2.2.5
calls=1 211 
* 36
+1 3
+18 6
+2 1
+1 2
cob=(2)
cfi=(16)
cfn=(464)
calls=1 -85 
* 115
+4 5
-10 2
-24 1
cfi=(87)
cfn=(446) _IO_un_link
calls=1 +6 
* 80
* 3
+4 2
cfi=(88)
cfn=(448) _IO_file_close_it@@GLIBC_2.2.5
calls=1 167 
* 120
* 3
fi=(97)
886 6
fe=(99)

fl=(73) /usr/src/debug/glibc-2.17-c758a686/stdlib/cxa_atexit.c
fn=(288) __cxa_atexit
56 6
-22 2
cfn=(290) __new_exitfn
calls=1 +38 
* 39
+2 2
+4 1
+3 1
+1 1
-4 2
+2 1
+4 1
+1 1
+11 4

fn=(290)
72 1
+6 2
-6 3
+6 4
+2 4
-7 2
+9 3
-2 1
+10 1
-10 2
+45 1
+1 1
+3 4
+3 5
-35 2
+14 1
+1 2

fl=(88)
fn=(584) _IO_file_overflow@@GLIBC_2.2.5
831 724
+1 543
+7 1263
+35 362
+3 362
+3 543
+1 543
+1 724
+4 181
+1 724
-45 2
+12 2
+9 4
+8 1
-4 1
+3 2
-2 2
-3 1
+1 2
+5 1
-1 1
+1 3
+1 2
+12 14
-1 7
+1 7
-1 7
cfn=(586) _IO_do_write@@GLIBC_2.2.5
calls=7 516 
* 693
* 14
-39 2
cfi=(87)
cfn=(406) _IO_doallocbuf
calls=1 415 
* 156
+1 6

fn=(422) _IO_file_read
1252 60
cfi=(89) /usr/src/debug////////glibc-2.17-c758a686/io/../sysdeps/unix/syscall-template.S
cfn=(424) read
calls=15 81 
* 105

fn=(460)
211 4
+1 2
+7 1
-1 2
+1 2
-1 1
cfi=(87)
cfn=(462) _IO_default_finish
calls=1 689 
* 24

fn=(448)
167 3
+2 1
-2 1
+2 2
+4 1
+3 1
-3 1
-1 2
+6 1
+3 1
-3 1
cfi=(87)
cfn=(450) _IO_unsave_markers
calls=1 1122 
* 9
+3 2
+4 3
+9 5
cfi=(87)
cfn=(416)
calls=1 400 
* 39
+1 2
+3 1
-3 1
+1 3
+2 1
cfi=(87)
cfn=(446)
calls=1 61 
* 10
+5 2
-4 1
+1 1
+1 1
+2 1
+1 4
-23 1
fi=(97)
957 3
+2 2
+1 2
fe=(88)
181 2
cfn=(452) _IO_file_close
calls=1 1293 
* 7
* 2

fn=(374) _IO_file_fopen@@GLIBC_2.2.5
268 1
+12 1
-12 8
+11 3
+2 4
438 8
289 2
-20 1
+37 22
-2 2
+43 1
233 1
+1 2
-1 1
+4 1
cfi=(89)
cfn=(376) open
calls=1 81 
* 7
* 1
+4 2
+3 1
-1 1
+1 2
+3 2
-3 1
+3 1
+10 2
cfi=(87)
cfn=(372) _IO_link_in
calls=1 100 
* 11
367 3
cfi=(90) /usr/src/debug/glibc-2.17-c758a686/string/../string/strstr.c
cfn=(380) __GI_strstr
calls=1 53 
* 25
* 1
+1 3
-62 2
-21 1
-1 1
-15 2

fn=(586)
516 7
+2 14
-2 35
+2 7
+12 28
+7 28
+8 7
fi=(97)
959 14
+1 14
fe=(88)
545 28
cfn=(588) _IO_file_write@@GLIBC_2.2.5
calls=7 1302 
* 301
* 7
+1 21
+6 7
-4 7
+4 7
-4 21
+1 14
+3 7
-2 7
-32 14
+1 21
-1 7
+1 7
-1 7
+1 14
+32 14
-4 28

fn=(404) _IO_file_underflow@@GLIBC_2.2.5
559 120
+8 45
+6 45
+3 30
+13 30
fi=(97)
886 45
fe=(88)
609 30
cfi=(87)
cfn=(420) _IO_switch_to_get_mode
calls=15 183 
* 360
+11 15
-5 15
fi=(97)
959 15
fe=(88)
615 30
fi=(97)
959 15
fe=(88)
616 15
+2 15
fi=(97)
960 15
fe=(88)
617 30
fi=(97)
960 15
fe=(88)
620 60
cfn=(422)
calls=15 1252 
* 165
+2 30
+10 15
-3 15
+3 30
+2 30
+1 165
-56 3
+5 2
cfi=(87)
cfn=(406)
calls=1 415 
* 143
* 2

fn=(410)
1270 2
+1 6
cfi=(95) /usr/src/debug/glibc-2.17-c758a686/io/../sysdeps/unix/sysv/linux/wordsize-64/fxstat.c
cfn=(412) _fxstat
calls=2 36 
* 20

fn=(452)
1293 2
cfi=(89)
cfn=(454) __close_nocancel
calls=1 81 
* 5

fn=(680) _IO_file_sync@@GLIBC_2.2.5
893 4
+5 4
+2 1
+1 2
+17 1
+4 1
-4 1
+4 3

fn=(580) _IO_file_xsputn@@GLIBC_2.2.5
1329 362
+7 362
-7 2534
+6 724
+69 2896

fn=(588)
1302 49
+2 35
+11 7
+1 7
-12 14
+5 7
-1 21
+1 14
cfi=(89)
cfn=(590) write
calls=7 81 
* 49
+1 14
+9 21
+3 63

fn=(676) _IO_file_setbuf@@GLIBC_2.2.5
468 2
+1 1
cfi=(87)
cfn=(678) _IO_default_setbuf
calls=1 +89 
* 67
* 2
+4 2
-1 2
+2 3
+2 1
+1 2

fn=(370) _IO_new_file_init_internal
144 1
+4 1
-4 3
+5 1
-1 1
+3 1
cfi=(87)
cfn=(372)
calls=1 -51 
* 82
+1 1
+1 4

fl=(68)
fn=(254)
26 8
+5 8
-5 72
+7 8
-7 16
+7 8
+7 10
+1 10
-8 20
+2 54
+2 54
-2 54
+1 162
+1 108
cfi=(67)
cfn=(256)
calls=54 +84 
* 324
+1 108
+1 44
-6 88
+14 8
-1 8
+1 56

fl=(102) /usr/src/debug////////glibc-2.17-c758a686/string/../sysdeps/x86_64/memcpy.S
fn=(532) __GI_memcpy
61 12
+2 12
+2 12
+3 7
+1 7
+11 7
+1 7
+11 7
+1 7
+11 7
+1 7
+2 7
+1 7
+2 7
+1 7
+5 7
+1 7
+23 7
+8 12
+6 12
+2 12
+1 12
+26 12
+1 12
+3 2
+1 2
+1 2
+5 26
+2 26
+1 26
+1 26
+1 26
+2 26
+1 26
+1 26
+1 26
+2 26
+1 26
+2 26
+2 24
+2 24
+1 24
+1 24
+1 24
+2 24
+1 24
+1 24
+1 24
+2 24
+1 24
+2 24
+5 2
+6 2
+1 2
+19 10
+1 10
+1 10
+5 10
+1 10
+4 10
+1 10
+2 13655
+1 10
+6 10
+1 10
+1 10
+3 5
+6 5
+1 5
+2 5
+13 5
+1 5
+1 5
+3 5
+1 5
+1 5
+1 5
+2 5
+2 5
+2 5
+2 5
+3 5
+1 5
+69 1960
+2 1960
+1 1960
+1 1960
+1 1960
+1 1960
+1 1960
+1 1960
+1 1960
+2 1960
+1 1960
+2 1960
+1 1960
+1 1960
+1 1960
+1 1960
+1 1960
+1 1960
+1 1960
+2 1960
+1 1960
+2 1960
+2 1960
+2 1960
+1 1960
+1 1960
+1 1960
+1 1960
+1 1960
+1 1960
+1 1960
+2 1960
+1 1960
+2 1960
+1 1960
+1 1960
+1 1960
+1 1960
+1 1960
+1 1960
+1 1960
+2 1960
+1 1960
+2 1960
+3 5
+2 5
+2 5
+2 5
+6 5
+1 5
+1 5
+2 5
+6 5
+1 5

fl=(82) /usr/src/debug/glibc-2.17-c758a686/elf/dl-addr.c
fn=(326) _dl_addr
126 9
+5 1
-5 2
+5 2
cob=(1)
cfi=(2) /usr/src/debug/glibc-2.17-c758a686/elf/rtld.c
cfn=(50) rtld_lock_default_lock_recursive
calls=1 917 
* 2
+3 6
+1 4
+1 20
+1 2
30 1
+1 1
-1 1
+4 2
+5 1
+6 1
-7 1
+2 2
+2 1
-2 1
+2 1
+3 1
+5 7
+2 1
+1 2
-1 1010
+1 2020
+2 4961
+6 11170
+2 8936
+1 16325
+7 2234
-2 2234
+2 5479
-21 2022
+49 3
+1 1
+1 3
+3 2
+41 3
cob=(1)
cfi=(2)
cfn=(52) rtld_lock_default_unlock_recursive
calls=1 923 
* 2
+3 9
-13 9
-19 1
+1 1
+23 2

fl=(48) /usr/src/debug////////glibc-2.17-c758a686/string/../sysdeps/x86_64/multiarch/memset.S
fn=(182) memset
27 1
+1 1
+1 1
+1 1
+1 1
+2 1
+1 1
+5 1

fl=(81) /usr/src/debug/glibc-2.17-c758a686/malloc/arena.c
fn=(324) ptmalloc_init.part.7
383 6
+11 1
-8 1
+8 1
+7 3
+2 5
+16 2
-71 128
+16 64
-18 195
464 2
+5 2
+1 2
+2 1
+1 7
-78 5
cfi=(82)
cfn=(326)
calls=1 126 
* 56499
* 2
+1 4
-47 12
+1 6

fl=(107) /usr/src/debug/glibc-2.17-c758a686/stdio-common/vfprintf.c
fn=(576) vfprintf
222 1991
+35 543
1271 544
+4 905
+11 362
+11 181
fi=(115) /usr/src/debug/glibc-2.17-c758a686/stdio-common/printf-parse.h
109 362
fe=(107)
1297 905
fi=(115)
109 181
cfi=(108) /usr/src/debug////////glibc-2.17-c758a686/string/../sysdeps/x86_64/strchrnul.S
cfn=(578) strchrnul
calls=181 -83 
* 4163
fe=(107)
1312 181
fi=(115)
109 181
fe=(107)
1308 181
+4 362
+4 181
fi=(116) /usr/src/debug/glibc-2.17-c758a686/stdio-common/../libio/libioP.h
957 181
+2 181
-2 543
+2 362
+1 362
fe=(107)
1316 1086
cfi=(88)
cfn=(580)
calls=181 +13 
* 3439
* 543
2058 362
cob=(2)
cfi=(16)
cfn=(464)
calls=181 0 
* 1448
+1 362
cob=(2)
cfi=(16)
cfn=(464)
calls=181 0 
* 1448
+2 905
+3 181
+1 1448
1271 360
+41 1267
+1 2715
2061 905
+1 543
1316 362
+4 181
-4 181
+4 362
+4 1267
270 181
-6 181
-3 181
1301 181
-8 181
227 181
1372 1448
-3 181
-1 181
-17 181
+1 181
+1 181
+1 181
+1 181
+1 181
+1 181
+1 181
+1 181
+1 181
+1 181
+3 181
+1 181
1554 362
-21 543
1372 1629
2056 362
1654 362
+8 181
fi=(115)
109 543
fe=(107)
1662 181
fi=(115)
109 181
fe=(107)
1662 181
fi=(115)
109 181
cfi=(108)
cfn=(578)
calls=181 -83 
* 4163
fe=(107)
1666 181
fi=(116)
959 181
fe=(107)
1662 181
fi=(116)
960 181
-1 362
+1 543
fe=(107)
1666 1267
cfi=(88)
cfn=(580)
calls=181 1329 
* 3439
* 905
-10 181
+10 1448
+2 181
-2 181
+2 181
-33 5068
cfi=(87)
cfn=(582) __overflow
calls=181 240 
* 9976
* 543

fl=(95)
fn=(412)
36 2
-1 2
+1 2
+1 12
+4 2

fl=(47) /usr/src/debug////////glibc-2.17-c758a686/string/../sysdeps/x86_64/multiarch/strnlen.S
fn=(178) strnlen
30 1
+1 1
+1 1
+1 1
+2 1

fl=(87)
fn=(368) _IO_old_init
633 1
-16 1
+1 1
+15 1
+5 1
-21 1
+2 1
+1 1
+1 1
+17 1
-16 1
+1 1
+1 1
+1 1
+1 1
+1 1
+2 1
+1 1
+1 1
+1 1
+6 1
+1 4

fn=(366) _IO_no_init
650 9
+1 1
cfn=(368)
calls=1 -18 
* 25
+3 1
-2 1
+2 1
+2 1
+1 1
+1 1
+1 1
+1 1
+1 1
+1 1
+1 1
+1 1
+1 1
+1 1
+1 1
+2 1
+3 1
+1 6

fn=(462)
689 2
+2 3
+6 3
+3 3
+6 1
+6 1
-6 1
cfn=(446)
calls=1 61 
* 10

fn=(582)
240 362
+2 543
+2 181
fi=(97)
957 543
+2 362
+1 362
fe=(87)
244 181
+1 362
-1 181
cfi=(88)
cfn=(584)
calls=181 831 
* 6899

fn=(402) _IO_default_uflow
435 15
fi=(97)
957 30
fe=(87)
435 15
fi=(97)
957 15
fe=(87)
435 30
+1 15
fi=(97)
959 30
+1 30
fe=(87)
436 30
cfi=(88)
cfn=(404)
calls=15 559 
* 1545
+1 30
+2 60
+1 60

fn=(668)
1013 1
+3 1
-3 6
+3 1
cfn=(670) _IO_flush_all_lockp
calls=1 825 
* 92
-63 1
+63 1
-63 2
fi=(97)
+4 2
fe=(87)
+8 1
fi=(97)
-8 2
fe=(87)
-2 9
+2 2
-1 4
+3 4
+6 16
+8 5
+10 1
fi=(97)
-24 2
+1 2
fe=(87)
+23 4
cfi=(88)
cfn=(676)
calls=1 468 
* 82
+3 2
+7 3
-40 9
+75 9
-53 1
+4 1
-4 1
+2 1
+1 1
+1 1
-2 1
+3 4
+6 3
+1 8

fn=(400) __uflow
364 60
+2 46
+6 75
+3 30
+2 30
+6 30
+7 15
fi=(97)
957 45
+2 30
+1 30
fe=(87)
390 15
+1 15
-1 15
+1 30
-1 15
cfn=(402)
calls=15 +45 
* 1905
-24 28
+22 45

fn=(416)
400 15
+1 14
+3 3
+2 12
-3 3
+3 6
+3 12
-7 7
cfi=(100)
cfn=(456)
calls=1 81 
* 5
* 4

fn=(446)
61 12
+1 6
+4 6
+1 10
+2 1
-2 1
+1 1
+1 19
+2 3
+2 2
+13 1
+2 1
-2 1
+2 4
+2 1
-1 1
+1 6
+1 2
+3 12
-6 6
-13 1
+1 1
-1 2

fn=(678)
558 1
fi=(97)
957 2
fe=(87)
558 2
fi=(97)
957 1
fe=(87)
558 5
+1 1
fi=(97)
959 2
+1 2
fe=(87)
559 2
cfi=(88)
cfn=(680)
calls=1 893 
* 17
* 2
+9 1
-7 1
+7 1
-7 1
401 1
563 1
+1 1
-1 1
+1 1
401 4
+7 1
-5 1
+1 1
+4 1
571 2
+2 1
-2 1
+1 3
+2 6

fn=(406)
415 6
+1 2
-1 2
+1 2
+6 8
-4 6
+1 2
fi=(97)
957 6
+2 4
+1 4
fe=(87)
419 4
cfi=(94)
cfn=(408)
calls=2 96 
* 249
* 4

fn=(670)
825 8
+6 3
+6 1
-11 1
+10 1
+2 2
fi=(97)
957 2
fe=(87)
842 1
fi=(97)
957 2
fe=(87)
841 3
-1 3
+1 3
+3 9
+10 6
+4 3
-2 3
+2 6
+7 3
-27 6
+31 2
+2 3
+4 9
-31 12

fn=(372)
100 8
+1 6
+4 1
-2 2
+2 5
+1 10
+2 1
-2 1
+1 1
+1 1
-2 1
+2 1
-2 1
+2 14
+2 1
-2 1
+4 1
+2 1
-3 1
-1 1
+4 7
+2 1
-1 1
+1 8
+1 2
+3 8
-6 7

fn=(420)
183 60
+1 45
+3 45
+5 15
-1 30
+1 15
+7 15
-4 15
+2 30
+2 15
+1 15
+1 60

fn=(450)
1122 1
+2 1
-2 1
+2 1
+19 3
+2 2

fl=(66) /usr/src/debug/glibc-2.17-c758a686/ctype/ctype-info.c
fn=(246) __ctype_init
32 5
+2 1
-2 2
+2 3
+2 5

fl=(44) /usr/src/debug////////glibc-2.17-c758a686/string/../sysdeps/x86_64/multiarch/strcmp.S
fn=(172) strcasecmp
100 1
+2 1
+1 1
+1 1
+9 1

fn=(180) strncasecmp
120 1
+2 1
+1 1
+1 1
+9 1

fl=(89)
fn=(590)
81 14
cfn=(592) __write_nocancel
calls=7 * 
* 35

fn=(426) __read_nocancel
81 75

fn=(376)
81 2
cfn=(378) __open_nocancel
calls=1 * 
* 5

fn=(454)
81 5

fn=(592)
81 35

fn=(378)
81 5

fn=(424)
81 30
cfn=(426)
calls=15 * 
* 75

fl=(93) /usr/src/debug/glibc-2.17-c758a686/libio/getc.c
fn=(398) getc
36 120440
+3 120440
-3 120440
+3 1806600
+1 722595
fi=(97)
885 240880
+1 963520
fe=(93)
43 361320
-3 30
cfi=(87)
cfn=(400)
calls=15 364 
* 2459
* 30

fl=(80) /usr/src/debug/glibc-2.17-c758a686/malloc/hooks.c
fn=(526) realloc_hook_ini
37 9
+1 1
fi=(81)
385 1
fe=(80)
39 1
-1 1
fi=(81)
385 2
fe=(80)
39 1
fi=(81)
385 1
fi=(79)
2966 2
+4 2
+4 2
+5 1
-2 1
+2 1
+2 1
-2 1
+2 2
+3 3
+6 4
+1 2
+7 8
+2 2
fe=(80)
42 9
fi=(79)
2982 1
+44 6
+4 6
cfn=(530) _int_realloc
calls=1 4217 
* 592
* 1
+2 4
+4 4
-66 2
fe=(80)

fn=(322) malloc_hook_ini
30 2
fi=(81)
385 3
fe=(80)
29 3
cfi=(81)
cfn=(324)
calls=1 383 
* 56948
* 1
+4 1
-1 1
cfi=(79)
cfn=(321) malloc'2
calls=1 2888 
* 1223

fl=(75) /usr/src/debug////////glibc-2.17-c758a686/setjmp/../sysdeps/x86_64/setjmp.S
fn=(308) __sigsetjmp
26 1
+9 1
+1 2
+1 1
+4 1
+1 1
+1 1
+1 1
+1 1
+2 2
+2 1
+1 1
+1 1
+2 2
+2 1
+9 1
cfi=(76) /usr/src/debug/glibc-2.17-c758a686/setjmp/sigjmp.c
cfn=(310) __sigjmp_save
calls=1 -35 
* 9

fl=(108)
fn=(578)
26 362
+1 362
+1 362
+1 362
+1 362
+1 362
+1 362
+1 362
+1 362
+1 362
+1 362
+1 362
+1 362
+1 362
+1 362
+1 362
+1 362
+1 362
+1 362
+1 362
+12 362
+1 362
+1 362

fl=(106) /usr/src/debug/glibc-2.17-c758a686/stdio-common/fprintf.c
fn=(574) fprintf
27 1267
+4 181
+1 181
-1 905
+1 181
cfi=(107)
cfn=(576)
calls=181 222 
* 71334
+4 362

fl=(86) /usr/src/debug/glibc-2.17-c758a686/libio/iofopen.c
fn=(382) __fopen_maybe_mmap
42 1
-2 1
+2 1
+15 1

fn=(362) __fopen_internal
65 6
+8 1
-8 2
+8 1
cob=(2)
cfi=(16)
cfn=(364)
calls=1 -73 
* 177
+2 1
-2 1
+2 1
+3 1
+3 5
-3 1
+3 1
cfi=(87)
cfn=(366)
calls=1 650 
* 58
+4 1
+1 1
-1 1
+1 1
cfi=(88)
cfn=(370)
calls=1 +58 
* 95
+4 5
cfi=(88)
cfn=(374)
calls=1 268 
* 127
* 1
+1 1
-1 1
+6 5
-5 1
cfn=(382)
calls=1 -49 
* 4

fn=(360) fopen@@GLIBC_2.2.5
103 2
cfn=(362)
calls=1 -38 
* 500

fl=(45) /usr/src/debug/glibc-2.17-c758a686/time/../sysdeps/unix/sysv/linux/x86_64/time.c
fn=(174) time
36 1
+1 1
+3 2
-3 4
+3 1
cfi=(46)
cfn=(176)
calls=1 -13 
* 7
* 3
+1 3

fl=(62) /usr/src/debug/glibc-2.17-c758a686/csu/../csu/init-first.c
fn=(238) _init
52 8
+6 6
+17 1
fi=(63) /usr/src/debug/glibc-2.17-c758a686/csu/../sysdeps/unix/sysv/linux/x86_64/init-first.c
-35 2
fe=(62)
+33 1
+1 1
fi=(63)
-34 1
-2 2
fe=(62)
+37 1
fi=(63)
-37 3
+2 1
cfi=(46)
cfn=(176)
calls=1 -13 
* 7
+1 2
+5 2
-3 2
+1 1
+2 1
cfi=(46)
cfn=(176)
calls=1 -19 
* 7
fe=(62)
+43 1
fi=(63)
-39 1
fe=(62)
+39 2
fi=(63)
-39 2
+1 2
+1 1
fe=(62)
+37 1
cfi=(64)
cfn=(242)
calls=1 -59 
* 58
+8 1
cfi=(66)
cfn=(246)
calls=1 -65 
* 16
+5 6
-35 1
-9 1
+9 4
fi=(63)
-25 2
fe=(62)

fl=(76)
fn=(310)
29 2
-1 2
+1 2
+5 3

fl=(79)
fn=(348) calloc
3183 2
+13 6
-13 2
+10 4
+3 2
-13 6
+13 2
+8 4
+1 4
+10 24
+7 2
+8 2
-7 4
+7 4
+15 6
cfn=(328) _int_malloc
calls=2 3351 
* 296
+6 2
-6 2
+6 2
+7 8
+3 4
+6 6
+46 12
-36 2
-3 2
+3 4
-13 2
+13 4
+10 2
+1 4
+3 4
+7 2
-3 2
+1 2
+1 4
+1 2
-21 6

fn=(332) sysmalloc
2280 90
+21 10
+11 10
-11 20
+11 10
+1 28
+79 8
+20 8
-19 16
+19 16
2718 16
+6 8
+3 8
-3 8
+3 16
+1 8
+3 24
-2 8
+2 16
+1 8
-1 8
-1 8
+1 8
+1 8
+2 8
+6 64
-6 2
+6 16
-21 16
2314 6
+14 8
+6 4
2463 16
+19 16
-19 40
+19 16
+8 8
-8 8
+8 8
2336 16
cfi=(96)
cfn=(414)
calls=2 32 
* 66
+2 6
+34 2
-5 6
+5 8
+3 2
+1 2
-1 2
+1 2
+1 4
2491 48
cfi=(83)
cfn=(334)
calls=8 47 
* 517
+1 8
-1 8
+1 8
+3 32
+2 16
+1 16
+18 16
+25 16
+2 16
2394 8
2549 8
-6 8
+6 22
+1 35
+2 6
+42 3
+19 1
+3 2
+1 4
+3 1
-3 1
+3 2
cfi=(83)
cfn=(334)
calls=1 47 
* 45
+12 3
+5 2
+1 4
+35 1
+1 1
-2 1
+1 2
+12 1
-12 1
+1 2
+11 1
2373 4
2542 5
+10 2

fn=(320)
2888 5659356
+5 2829678
+1 2829678
+3 9903866
+2 4244514
cfn=(328)
calls=1414838 3351 
* 83670081
+3 1414838
-3 1414838
+3 1414838
+6 2829676
+1 5659352
+5 7074190
-17 8489028
+5 2829676
-7 1
+19 3
-19 1
cfi=(80)
cfn=(322)
calls=1 30 
* 58182

fn=(321)
2888 4
+5 2
+1 2
+3 7
+2 3
cfn=(328)
calls=1 3351 
* 1183
+3 1
-3 1
+3 1
+6 2
+1 4
+5 5
-17 6
+5 2

fn=(330) malloc_consolidate
4113 80
+22 20
+1 27
+12 9
5023 9
4138 9
+11 9
-1 9
5021 9
+2 9
-2 36
4151 18
+1 18
-1 162
+1 220
+22 10377
-1 10377
+1 135126
+4 30326
+4 30326
-3 30326
+1 30326
+2 30326
+1 3306
+1 3306
+3 3306
+1 3306
+1 3306
-2 3306
+12 3306
-12 3306
+3 3306
+9 3306
-12 27020
+1 27020
+1 27020
-2 27020
+12 27020
-12 27020
+3 27020
+9 57320
-41 30300
-3 30300
+3 60600
+1 30300
+1 60600
+2 60600
-4 32
-3 32
+3 64
+1 32
+1 64
+2 64
+1 17210
+2 17210
-1 17210
+2 250027
+3 60664
+3 60652
+4 39898
+18 6
+1 6
+4 6
-4 6
+1 6
+3 9
+3 360
+6 73
-73 3
1829 1
+2 3
-2 128
+2 378
-2 252
+6 3
+5 1
+2 1
-2 1
4208 8
1839 3
4174 24
-8 12

fn=(530)
4217 144
+21 64
+1 48
+15 32
+1 48
+1 32
+1 32
+6 32
+8 32
+12 13
-1 26
+2 2
-1 4
+68 2
+2 2
+6 2
-1 1
+1 2
+1 2
+4 1
-4 2
+4 1
-4 1
+3 1
+1 2
cfn=(468) _int_free
calls=1 3821 
* 106
+4 1
+1 144
-96 3
-1 3
-1 6
+21 39
cfn=(328)
calls=13 3351 
* 655223
+1 13
-1 13
+1 13
+4 13
-1 13
+6 26
+11 12
+1 12
+2 24
+3 24
3834 36
+6 48
+1 24
+13 60
+13 24
+75 24
+19 12
-4 12
+4 24
+6 24
+8 36
+6 24
+1 24
+1 24
1909 36
3992 24
+1 2
+2 2
-1 2
+2 42
+3 24
+5 24
+4 10
+9 10
-1 10
+2 20
-1 2
-1 2
+2 4
+7 12
-2 12
+1 12
+1 12
+2 10
+1 10
+2 10
+1 10
+2 30
+1 10
+30 30
-34 2
+1 2
+2 6
+1 2
+30 6
+1 4
+3 6
4320 36
cfi=(102)
cfn=(532)
calls=12 61 
* 100965
* 12
-23 2
+6 2
4005 31
+1 4
4274 15
+2 3
-2 3
+2 3
-2 6
+1 3
+3 3
-4 3
+1 3
+1 3
+2 3
+81 1
+1 2
4070 12
-65 12
-36 36
-2 24

fn=(328)
3351 1414854
-30 1414854
+30 1414854
-30 1414854
+30 1414854
-30 1414854
+30 4244562
-30 8489124
+30 2829708
+4 2829708
+14 2829708
+1 4244442
+1 1414814
+1 1414814
-1 2829628
+5 2829628
+3 6898545
+1 1379709
-1 1379709
+1 2759418
+26 70290
+1 70262
+1 70262
+2 105393
+1 702
+3 350
+1 700
+5 350
+1 350
+1 350
+2 1050
1902 1380992
3753 1380992
1902 2761984
3755 1380992
+58 11318832
3446 108
+1 28
+1 28
cfn=(330)
calls=7 4113 
* 612617
* 14
3798 7
5023 14
3798 21
+2 175
5021 7
+2 7
-2 21
3467 14
3798 34788
5023 69576
3798 104364
+2 869700
5021 34788
+2 34788
-2 104364
3467 69578
+67 4302
+1 8604
+1 2868
+45 1434
+7 1434
-6 1434
+1 1434
+1 1434
+1 1434
+3 1434
-52 140
+45 140
+7 140
-6 140
+1 140
+1 140
+1 140
+3 140
3467 109110
+2 18132
-1 18132
+1 36264
+1 36264
+7 18132
+10 70452
+34 1778
-5 1778
+1 1778
+4 1778
+12 3148
+6 1480
+1 115
+1 115
+3 230
+5 105
-3 105
+3 210
+5 8
-1 8
+1 8
+1 24
+6 99
-2 588
+6 194
+6 4
-1 4
+3 4
-2 4
+1 4
+1 8
+2 194
-36 184
+1 12
+1 12
+3 24
-5 65
+1 13
+1 13
+3 26
+34 140
-39 73
-50 16979
-1 33958
+2 16966
-1 33932
+4 16354
+1 32708
+4 32708
-3 32708
+1 32708
+1 32708
+1 16354
+2 13340
+1 13340
+3 93380
+2 26680
-2 13340
+2 13340
+4 13340
1902 13340
3507 13340
1902 26680
3504 21098
+2 6028
-2 3014
+2 3014
+4 3014
1902 3014
3507 3014
1902 73344
3539 39
+28 186
+30 36476
+70 18238
+1 18238
+1 18238
-1 18238
+1 18238
+1 36476
+1 36476
+5 73854
+2 52440
+2 69852
-2 52275
+2 69692
-2 34618
+2 51912
+95 17305
+3 17305
-2 34610
+2 34610
+16 22
+1 2
cfn=(330)
calls=1 4113 
* 3535
+2 1
+1 1
-1 1
3688 2441
+1 2441
-2 7200
+7 1159
+3 2318
+1 226
+1 226
+1 226
-2 904
+59 226
3539 7
-16 204
-1 408
+1 408
1902 204
3526 204
1902 408
3528 408
3382 6898545
3598 28
+3 44
3446 220
3680 608
+2 152
+1 304
-1 23
+1 46
3446 4
3704 2799
+8 933
-3 1866
+3 11601
+3 1866
+2 316
-1 316
+1 948
-37 69
+48 617
-5 617
+6 1234
+11 617
-6 617
+1 617
+1 617
+1 617
+3 617
+1 614
+1 1234
+2 125
+1 125
+2 875
+2 250
-2 125
+2 125
+1 250
-3 3444
+2 984
-2 492
+2 492
+1 984
3412 4
cfn=(330)
calls=1 4113 
* 793
* 3
+34 14
3807 40
cfn=(332)
calls=10 2280 
* 1597
+1 10
-1 10
+1 10
1902 40
3782 17294
-3 17294
+1 34588
+2 17294
-1 17294
+1 34588
+2 17294
-2 51882
+5 17294
-5 17294
+2 17294
1902 51882
3712 504

fn=(524) realloc
2958 144
+7 32
+1 32
+4 30
+4 30
+5 15
-2 15
+2 15
+2 15
-2 15
+2 30
+3 45
+6 60
+1 30
+7 120
+2 30
+49 135
-67 15
+44 90
+4 90
cfn=(530)
calls=15 4217 
* 757607
* 15
+2 60
+4 60
-66 30
-3 1
+82 7
-82 1
cfi=(80)
cfn=(526)
calls=1 37 
* 674

fn=(466)
2924 2830406
+1 2830406
+5 2830406
+5 1414841
-2 1414841
+2 2829682
+16 4244517
+1 4244517
cfn=(468)
calls=1414839 3821 
* 103991338
-14 6
+1 4
+1 4
+2 2
+1 2
-1 2
+1 2
+1 4
2819 4
+1 2
+6 2
-7 2
+7 12
+7 2
+1 2
+5 2
cfi=(100)
cfn=(456)
calls=2 81 
* 10
* 362

fn=(468)
3821 14148400
+13 4244520
+6 5659360
+1 2829680
+13 5659360
+13 2829680
+11 5659260
+1 4244445
1909 1414815
3903 1414815
1909 2829630
3905 4244445
+1 2829630
+1 1414815
+3 1414815
-3 1414815
+9 4244445
-5 4244445
+14 5658992
+2 1414815
+2 8488890
+2 5658992
4096 11318528
3942 50
3832 25
3943 50
+18 25
-4 25
+4 50
+6 50
+8 75
+6 50
+1 50
+1 50
1909 75
3992 50
+1 2
+2 2
-1 2
+2 28
+3 50
+5 50
+4 18
+9 18
-1 18
+2 36
-1 7
-1 7
+2 14
+7 25
-2 25
+1 25
+1 25
+2 4
+1 4
+2 4
+1 4
+2 12
+1 4
+30 8
-34 21
+1 21
+2 63
+1 21
+30 42
+1 2
+3 3
+16 50
+2 96
+10 192
3952 144
+2 48
+51 107
+1 14
+64 5
-4 2
cfn=(330)
calls=1 +47 
* 707878
* 1
-97 75
-2 50

fl=(50) ???
fn=(186) memcpy@GLIBC_2.2.5
0 15

fl=(96)
fn=(414)
32 4
+1 4
-1 36
+1 12
+1 40
+2 28
-3 8

fl=(72) /usr/src/debug/glibc-2.17-c758a686/csu/../csu/libc-start.c
fn=(286) (below main)
134 7
+10 1
-10 3
+10 7
+62 1
-62 1
+62 1
+1 4
cfi=(73)
cfn=(288)
calls=1 56 
* 61
+22 6
+3 2
+1 5
cob=(6) /h/jmitch08/comp40/um/um
cfi=(69) ???
cfn=(292) __libc_csu_init
calls=1 0 
* 57
+4 4
+15 2
+9 2
cfi=(74) /usr/src/debug////////glibc-2.17-c758a686/setjmp/../sysdeps/x86_64/bsd-_setjmp.S
cfn=(306) _setjmp
calls=1 33 
* 30
+1 2
+5 2
+1 2
+3 2
+3 6
cob=(6)
cfi=(77) /h/jmitch08/comp40/um/um.c
cfn=(312) main
calls=1 30 
* 39568862645
+34 2
cfi=(109)
cfn=(604)
calls=1 98 
* 2239

fl=(84)
fn=(336)
34 9
+8 9
-8 27
+8 51
+4 18
+4 32
+3 8
cfi=(85)
cfn=(338)
calls=8 -22 
* 104
* 16
+4 45
-14 18
cfi=(85)
cfn=(338)
calls=9 -12 
* 117
* 36

fl=(65)
fn=(244)
25 1
+1 1
+1 1
+1 1
+1 1
+1 1
+1 1
+1 1
+1 1
+1 1
+1 1
+1 1
+1 1
+1 1
+1 1
+1 1
+1 1
+1 1
+1 1
+1 1
+1 1
+1 1
+1 1
+13 1
+1 1
+1 1
+1 1
+7 1
+1 1
+1 1
+1 1
+1 1
+1 1
+1 1

fl=(46)
fn=(176)
27 4
-1 4
+1 4
+4 8
-3 8

fl=(113)
fn=(682)
28 2
+4 1
+2 2

fl=(90)
fn=(380)
53 8
+10 3
+2 2
+1 1
+23 8
-26 1
-5 2

fl=(111)
fn=(636)
30 6
+17 2
-17 10
+4 8
+4 12
-4 6
+32 8
+4 12
-4 6
+12 4
+3 2
-2 2
+2 12
-2 2
cfi=(112)
cfn=(638)
calls=2 -43 
* 14

fl=(74)
fn=(306)
33 1
+2 1
cfi=(75)
cfn=(308)
calls=1 -9 
* 28

fl=(105) /usr/src/debug////////glibc-2.17-c758a686/string/../sysdeps/x86_64/multiarch/memcpy-ssse3.S
fn=(566) __memcpy_ssse3
59 7
+14 7
+1 7
+1 7
+11 7
+1 7
+3 1
+1 1
+1 1
+1 1
+1 1
+1 1
+1 1
+1 1
+5 1
+2 1
+1 1
+1 1
+1 1
+1 1
+10 6
+1 6
+1 6
+1 6
+2 6
+1 6
+1 6
+1 6
+1 6
+5 6
+3 6
+1 6
+1 6
+1 6
+1 6
+10 1
+1 1
+1 1
+1 1
+1 1
+1 1
+1 1
+1 1
+24 1
+2 1
+1 1
+2 18
+1 18
+1 18
+1 18
+2 18
+1 18
+1 18
+1 18
+2 18
+1 18
+1 18
+1 18
+1 18
+1 18
+1 18
+1 18
+1 18
+1 18
+1 18
+2 18
+1 1
+1 1
+1 1
+2 1
+1 1
+1 1
+2 1
+1 1
+2 1
+1 1
+1 1
+2 1
+1 1
+1 1
+2 1
+1 1
+1 4
+63 6
+1 6
+1 6
+1 6
+1 6
+1 6
+1 6
+1 6
+22 6
+2 6
+1 6
+2 142
+1 142
+1 142
+1 142
+2 142
+1 142
+1 142
+1 142
+2 142
+1 142
+1 142
+1 142
+1 142
+1 142
+1 142
+1 142
+1 142
+1 142
+1 142
+2 142
+1 3
+1 3
+1 3
+2 2
+1 2
+1 2
+2 2
+1 2
+2 2
+1 2
+1 2
+2 2
+1 2
+1 2
+2 12
+4 1379
+1 1379
+1 1379
+1 1379
+1 1379
+1 1379
+1 1379
+1 1379
+1 1379
+1 1379
+1 1379
+1 1379
+1 1379
+1 1379
+1 1379
+1 1379
+1 1379
+1 1379
+1 1379
+1 1379
+1 1379
+2 1379
+1 3
+1 3
+1 3
+2 3
+1 3
+1 3
+2 3
+1 3
+2 3
+1 3
+1 3
+2 3
+1 3
+1 3
+2 3
+1 3
+9 12
1807 6
+1 6
+1 6
+1 6
+1 6
+7 1

ob=(1)
fl=(7) /usr/src/debug/glibc-2.17-c758a686/elf/../elf/dl-sysdep.c
fn=(12) _dl_sysdep_start
86 7
+25 1
-1 1
+1 1
-25 1
+25 201
+6 1
-3 1
+1 1
-4 1
+3 1
+3 4
+1 6
-1 3
-29 1
-1 2
+31 108
-1 86
fi=(21) /usr/src/debug/glibc-2.17-c758a686/elf/../sysdeps/unix/sysv/linux/dl-sysdep.c
-82 2
cfi=(8) /usr/src/debug/glibc-2.17-c758a686/elf/../sysdeps/unix/sysv/linux/x86_64/brk.c
cfn=(14) brk
calls=1 -4 
* 12
fi=(5) /usr/src/debug/glibc-2.17-c758a686/elf/../sysdeps/x86_64/dl-machine.h
220 5
+4 1
cfi=(9) /usr/src/debug/glibc-2.17-c758a686/elf/../sysdeps/x86/cpu-features.c
cfn=(18) init_cpu_features.constprop.0
calls=1 39 
* 113
fe=(7)
+2 3
+1 1
cfi=(10) /usr/src/debug////////glibc-2.17-c758a686/string/../sysdeps/x86_64/rtld-strlen.S
cfn=(20) strlen
calls=1 28 
* 41
* 1
+2 2
cfi=(11) /usr/src/debug/glibc-2.17-c758a686/elf/../misc/sbrk.c
cfn=(22) sbrk
calls=1 34 
* 17
* 3
+12 3
+3 6
cfi=(2)
cfn=(24) dl_main
calls=1 1005 
* 159592
+2 9
-67 1
+1 1
-29 1
+1 1
+11 1
+1 1
-7 1
+1 1
-4 1
+1 1
-25 1
+1 1
-4 1
+1 1
-7 1
+1 1
+2 1
+1 1

fn=(216) _dl_sysdep_start_cleanup
251 1

fl=(40) /usr/src/debug/glibc-2.17-c758a686/string/strdup.c
fn=(138) strdup
40 8
+1 2
cfi=(10)
cfn=(20)
calls=2 -13 
* 68
* 2
+1 4
cfi=(17) /usr/src/debug/glibc-2.17-c758a686/elf/dl-minimal.c
cfn=(40) malloc
calls=2 +51 
* 68
* 2
+2 4
+4 2
-1 4
+1 4
-1 4
cfi=(18) /usr/src/debug////////glibc-2.17-c758a686/string/../sysdeps/x86_64/memcpy.S
cfn=(46) memcpy
calls=2 +14 
* 54

fl=(22) /usr/src/debug////////glibc-2.17-c758a686/posix/../sysdeps/unix/syscall-template.S
fn=(62) uname
81 4
+1 1

fl=(1) ???
fn=(0) 0x0000000000000ff0
0 2
cfi=(2)
cfn=(2) _dl_start
calls=1 441 
0 160936
0 14
cfi=(60) /usr/src/debug/glibc-2.17-c758a686/elf/dl-init.c
cfn=(224) _dl_init
calls=1 90 
0 2306
0 3
cob=(6)
cfi=(69)
cfn=(272) 0x0000000000400a60
calls=1 0 
0 39568866640

fl=(6) /usr/src/debug/glibc-2.17-c758a686/elf/dl-lookup.c
fn=(170) check_match.9524
132 5418
+1 1548
+2 1548
+2 1137
-2 758
+12 1137
+3 1982
cfi=(19) /usr/src/debug////////glibc-2.17-c758a686/string/../sysdeps/x86_64/strcmp.S
cfn=(54) strcmp
calls=306 -16 
* 5440
* 612
+5 105
-1 105
+1 105
-1 105
+1 105
+2 206
+19 206
+1 824
+46 630
-18 4
+2 4
+1 8
-1 4
+1 2
-1 4
+9 274
+7 4014
-45 309
cfi=(19)
cfn=(54)
calls=103 -44 
* 8949
* 412
-43 790
+81 1185

fn=(166) do_lookup_x
82 1053
+1 117
-6 117
+5 351
-5 819
+11 117
+1 117
233 117
-3 117
+3 117
-3 351
98 117
-3 117
+1 117
+2 117
+3 117
-3 117
+3 117
-3 359
-3 359
+1 359
+2 359
+3 359
-3 359
+3 359
+4 968
+4 948
+4 948
+7 1422
+4 948
+1 1422
226 474
+1 948
+4 492
-2 246
+5 984
+4 492
-1 492
+1 246
-1 492
+21 145
+24 738
462 2016
+1 355
cfi=(31) /usr/src/debug/glibc-2.17-c758a686/elf/dl-misc.c
cfn=(96) _dl_name_match_p
calls=71 304 
* 3324
* 426
+3 1113
+3 24
287 780
+4 255
+13 105
+1 105
-1 105
+1 105
+1 105
470 936
241 420
-1 210
+2 210
+2 312
+10 306
-7 1015
+2 202
+1 404
-1 606
+1 303
cfn=(170)
calls=101 132 
* 16083
+1 505
+11 1356
+6 1172
+2 2676
-2 669
+2 669
-2 669
+4 4711
cfn=(170)
calls=673 132 
* 21847
+1 3369
-10 117
fi=(43) /usr/src/debug/glibc-2.17-c758a686/elf/../sysdeps/generic/dl-hash.h
32 117
-1 117
+1 585
+2 234
+1 351
+2 234
+1 351
+2 234
+1 351
+2 111
+1 111
-1 111
+2 333
+3 2868
+1 1912
+13 1912
-17 2868
+22 666
fe=(6)
263 222
fi=(43)
67 30
fe=(6)
263 12

fn=(10) _dl_setup_hash
865 15
+4 3
+4 6
+2 3
-1 3
+4 3
+4 3
-4 3
+1 6
+2 3
-2 3
+3 3
+2 3
+1 3
+1 12
+1 3
+3 6
+2 2
+2 2
+2 2
+1 2
+1 2
-4 2
+4 4

fn=(164) _dl_lookup_symbol_x
716 1404
477 117
716 234
477 351
-1 234
+2 117
-1 117
+1 351
-1 351
+1 1418
-1 1418
+1 4254
-1 4488
718 117
+4 117
+9 117
-13 117
+15 117
-14 234
+14 117
-2 117
+6 936
+2 1521
cfn=(166)
calls=117 82 
* 100445
+3 234
+3 12
-8 48
-7 234
+40 234
+24 105
+1 735
+26 105
+9 525
+14 315
+3 420
+5 105
+2 936
-82 84
+18 12
+1 24
+54 2

fl=(14) /usr/src/debug/glibc-2.17-c758a686/string/../string/memcmp.c
fn=(30) bcmp
319 17
+3 17
-3 85
+4 17
-4 17
+7 34
+4 15
+2 1
+1 1
+1 1
+1 1
+2 2
-5 1
+1 1
+1 1
+1 1
+2 2
+2 2
-9 6
+16 5
+1 10
-1 10
133 14
-18 6
350 4
+4 3
+2 3
-2 6
+1 3
+5 30
+2 13
+1 13
+1 13
+3 143
-3 81
-2 81
+1 81
+4 162
-7 182
+12 12
+1 136
232 3
-7 3
+1 3
+4 3
+2 3
-6 3
+4 3
+2 15
-95 2
+1 2
+1 2
+1 2
+1 2
+48 2
-2 2
+1 2
+1 14
-80 2
+1 4
+4 4
-5 8
+1 16
+4 18
238 3
+2 3
-4 3
+1 3
+4 3
-2 3
+56 6
-2 3
+2 6
-1 3
+1 6
+1 6
+12 18
+1 6
-6 6

fl=(25) /usr/src/debug////////glibc-2.17-c758a686/string/../sysdeps/x86_64/rtld-strchr.S
fn=(70) index
40 10
+1 10
+1 10
+1 10
+1 7
+1 7
+3 7
+1 7
+1 7
-2 33
+1 33
+1 33
+1 40
+1 40
+1 40
+1 40
+1 40
+9 10
+1 10
+1 10
+2 20
+32 10
+1 10
+1 10
+1 10
+2 10
+3 10
-8 2
+1 2
+1 2
+1 2
+2 2
+3 2
+1 12
+1 12
+1 12
+2 12
+5 11
+1 11
+1 11
+3 11
+1 10
+1 10
+1 10
+2 10
+3 6
+1 6
+1 6
+1 6
+2 6
+3 6
+1 6
+1 6
+1 6
+2 6
+5 6
+1 6
+1 6
+3 6
+1 6
+1 6
+1 6
+2 6
+2 3
+1 3
+1 3
+1 3
+2 3
+3 3
+1 3
+1 3
+1 3
+2 3
+5 3
+1 3
+1 3
+3 3
+1 3
+1 3
+1 3
+2 3
+2 2
+1 2
+1 2
+1 2
+2 2
+3 2
+1 2
+1 2
+1 2
+2 2
+5 2
+1 2
+1 2
+3 2
+1 2
+1 2
+1 2
+2 2
+4 9
+1 9
+11 1
+1 1
+1 1
+1 1
+47 1
+1 1

fl=(41) /usr/src/debug/glibc-2.17-c758a686/elf/dl-version.c
fn=(146) _dl_check_all_versions
381 6
+4 4
-2 2
+4 35
cfn=(148) _dl_check_map_versions
calls=5 174 
* 4671
-2 5
+2 15
-1 5
-1 10
+5 7

fn=(148)
174 45
+15 5
-15 10
+15 10
+2 5
+3 5
-3 5
+2 5
+1 5
+2 5
-3 5
+3 5
+3 12
+4 18
+17 3
56 3
220 3
56 3
220 3
56 15
220 1
56 1
220 1
56 1
220 1
56 5
+1 14
-1 28
+2 54
cfi=(31)
cfn=(96)
calls=18 304 
* 1240
* 40
228 12
+5 32
+20 4
-16 103
cfn=(150) match_symbol
calls=3 76 
* 584
* 15
cfn=(150)
calls=5 76 
* 919
* 8
+8 32
+3 32
+9 16
+5 1
+1 1
-80 2
-8 2
+96 15
+3 9
+10 28
-7 112
+3 84
-3 12
+3 9
+8 5
+86 5
-86 5
+87 8
-81 16
cfi=(17)
cfn=(36) calloc
calls=4 102 
* 220
* 4
+1 4
-2 4
+2 4
+11 4
-3 4
+3 8
+2 12
+3 12
+4 12
+18 4
-15 12
+2 12
-2 12
+2 12
+2 8
+1 8
-1 16
+1 8
-1 8
+1 8
+1 8
-2 8
+2 16
+1 24
+3 24
+8 12
+5 1
+1 1
+4 12
+3 12
+20 28
-14 28
-2 28
+2 31
-2 3
+2 3
+4 28
+2 28
-1 56
+1 28
-1 84
+1 28
+1 28
+3 93
+10 4
-1 4
+1 28

fn=(150)
76 88
+9 8
-8 8
-1 16
+1 8
+8 8
+6 24
+18 16
+5 16
+14 136
+12 180
+4 60
-30 120
+16 8
+3 32
cfi=(19)
cfn=(54)
calls=8 +1 
* 695
* 16
+35 64

fl=(36) /usr/src/debug////////glibc-2.17-c758a686/string/../sysdeps/x86_64/rtld-memset.S
fn=(116) memset
30 12
+1 12
+1 12
+1 2180
+1 12
+1 12

fl=(29) /usr/src/debug/glibc-2.17-c758a686/elf/dl-error.c
fn=(142) _dl_receive_error
197 10
+1 1
cfi=(2)
cfn=(88) _dl_initial_error_catch_tsd
calls=1 877 
* 2
+5 1
-1 1
-4 1
+9 1
+2 1
-3 1
+3 1
cfi=(2)
cfn=(144) version_check_doit
calls=1 736 
* 4770
+2 1
+1 1
+1 8

fn=(86) _dl_catch_error
159 42
+9 6
+2 6
cfi=(2)
cfn=(88)
calls=6 877 
* 12
* 6
+1 6
+2 12
-2 6
+2 6
cfi=(30) /usr/src/debug////////glibc-2.17-c758a686/setjmp/../sysdeps/x86_64/setjmp.S
cfn=(90) __sigsetjmp
calls=6 26 
* 120
+1 12
+2 12
+1 12
-1 6
+1 6
cfi=(37) /usr/src/debug/glibc-2.17-c758a686/elf/dl-deps.c
cfn=(126) openaux
calls=5 60 
* 13505
cfi=(2)
cfn=(92) map_doit
calls=1 704 
* 2592
+1 6
+4 6
-4 6
+1 12
+1 12
+1 12
+10 24

fl=(15) /usr/src/debug/glibc-2.17-c758a686/elf/dl-object.c
fn=(32) _dl_new_object
62 44
+1 4
-1 8
+1 4
cfi=(10)
cfn=(20)
calls=4 -35 
* 228
+6 4
-6 12
+6 44
+7 16
cfi=(17)
cfn=(36)
calls=4 +26 
* 225
* 4
+3 4
-3 4
+3 4
+4 4
+5 4
-6 4
+6 4
-5 4
+5 4
-1 8
+1 4
cfi=(18)
cfn=(46)
calls=4 -27 
* 120
* 4
+4 4
-2 4
+3 4
-1 4
+1 16
+3 4
-3 4
+3 4
+9 4
-7 4
+4 4
+3 9
+2 2
-2 2
+2 30
-2 30
+12 4
+6 4
-5 4
-1 4
+6 12
-2 4
+2 8
+2 9
+3 9
+4 9
+4 9
+2 1
+6 1
+3 2
+3 5
-3 6
+3 15
+2 3
+4 3
-4 3
cfi=(10)
cfn=(20)
calls=3 28 
* 165
* 6
+4 3
-4 3
+4 9
+64 6
+4 32
-88 9
-39 9
+39 3
+70 9
cfi=(18)
cfn=(68) mempcpy
calls=3 61 
* 108
* 3
+5 50
+1 50
-1 50
+1 53
-1 3
+1 9
+5 6
-57 6
cfi=(17)
cfn=(40)
calls=3 -67 
* 102
* 3
+1 3
-1 3
+1 9

fn=(48) _dl_add_to_namespace_list
33 8
+2 4
-2 12
+2 4
cfi=(2)
cfn=(50)
calls=4 917 
* 8
+2 29
+4 6
-1 27
+2 3
+2 3
+4 3
+4 3
-4 6
+1 6
+1 6
+2 3
+1 9
-1 3
cfi=(2)
cfn=(52)
calls=3 923 
* 6
-4 1
+4 1
-4 2
+1 2
+1 2
+2 1
+1 3
-1 1
cfi=(2)
cfn=(52)
calls=1 923 
* 2
-5 2

fl=(17)
fn=(36)
102 10
+7 30
-3 10
+3 20
+4 10
cfn=(40)
calls=10 -20 
* 441
* 10

fn=(40)
93 26
+1 52
cfn=(44) __libc_memalign
calls=26 -43 
* 881
* 26

fn=(44)
51 108
+1 133
+11 26
+1 26
-1 26
+3 26
-3 26
+3 52
-3 1
+1 1
-1 1
+3 1
-3 1
+3 98
+4 12
+1 9
+6 21
cfi=(34) /usr/src/debug/glibc-2.17-c758a686/misc/../sysdeps/unix/sysv/linux/wordsize-64/mmap.c
cfn=(112) mmap
calls=3 -45 
* 99
+2 15
+4 9
+3 3
+1 3
+2 15
-3 24
+1 24
+2 192
-31 3
+1 1
-2 3

fn=(74) strsep
340 3
+1 6
+4 64
+7 156
-2 106
+4 2
+6 26
-15 79
+18 1
+4 1
-4 1
+4 2
-11 2
+1 1

fl=(39) /usr/src/debug/glibc-2.17-c758a686/elf/dl-cache.c
fn=(132) _dl_load_cache_lookup
185 18
+8 4
+3 6
+45 4
+6 2
-6 1
+6 2
+8 2
+20 2
-20 2
+7 2
-7 2
+20 2
-20 2
+7 4
-7 2
+7 2
+13 338
cfn=(136) _dl_cache_libcmp
calls=21 139 
* 1546
* 91
-76 4
cfi=(31)
cfn=(134) _dl_sysdep_read_whole_file
calls=1 43 
* 94
+8 1
-8 1
+8 4
+1 4
cfi=(14)
cfn=(30)
calls=1 319 
* 112
* 2
+7 1
-3 1
+3 3
+3 1
+1 2
-1 1
+1 1
+1 3
cfi=(14)
cfn=(30)
calls=1 +99 
* 111
* 2
+2 2
+53 28
cfn=(136)
calls=2 139 
* 144
* 10
-12 6
+12 2
-12 4
-1 4
+13 46
+16 4
+4 4
+8 4
cfi=(10)
cfn=(20)
calls=2 28 
* 125
* 34
+1 2
-1 2
+1 4
cfi=(18)
cfn=(46)
calls=2 61 
* 54
+1 4
cfi=(40)
cfn=(138)
calls=2 40 
* 226
+1 16

fn=(136)
139 69
+1 50
+2 230
+2 115
-2 115
+2 4
+6 2
+2 2
-1 2
-1 2
+1 2
-1 2
+2 6
+2 10
+2 4
+6 226
+2 410
+4 92
+1 92
-29 184
+32 4
+1 4
-8 21
+8 42

fn=(218) _dl_unload_cache
316 4
-1 1
+3 2
cfi=(35) /usr/src/debug////////glibc-2.17-c758a686/misc/../sysdeps/unix/syscall-template.S
cfn=(220) munmap
calls=1 81 
* 5
+1 1
+2 2

fl=(32) /usr/src/debug////////glibc-2.17-c758a686/io/../sysdeps/unix/syscall-template.S
fn=(104) read
81 12
+1 3

fn=(120) close
81 16
+1 4

fn=(122) access
81 4
+2 5

fn=(102) open
81 56
+1 4
+1 50

fl=(33) /usr/src/debug/glibc-2.17-c758a686/io/../sysdeps/unix/sysv/linux/wordsize-64/fxstat.c
fn=(110) _fxstat
36 4
-1 4
+1 4
+1 24
+4 4

fl=(11)
fn=(22)
34 4
+8 6
+4 2
+11 5

fl=(13) /usr/src/debug/glibc-2.17-c758a686/elf/dl-environ.c
fn=(28) _dl_next_ld_env_entry
30 3
+3 11
+2 128
+11 62
-13 186
-2 1
+19 1
-14 20
+5 2
-3 2
+3 2
+2 2

fl=(110)
fn=(608)
132 3
+12 1
-12 5
+19 1
-6 1
+9 10
+3 2
cfi=(2)
cfn=(50)
calls=1 917 
* 2
+3 2
+3 2
+2 7
+11 3
+2 2
+3 21
+11 2
+2 10
+4 5
+2 5
-2 10
+6 5
-5 5
-7 15
+19 6
cfn=(610) _dl_sort_fini
calls=1 33 
* 352
+9 2
cfi=(2)
cfn=(52)
calls=1 923 
* 2
+4 4
+2 1
+2 3
-2 4
+2 12
+3 10
+3 15
+4 6
+7 6
+4 3
+1 3
-1 3
+2 6
+1 9
+1 6
cob=(4) /usr/lib64/libm-2.17.so
cfi=(55) ???
cfn=(650) 0x0000000000005690
calls=1 0 
* 75
cob=(5) /usr/sup/valgrind-3.11.0/lib/valgrind/vgpreload_core-amd64-linux.so
cfi=(61) ???
cfn=(624) 0x0000000000000600
calls=1 0 
* 1115
cob=(6)
cfi=(69)
cfn=(612) 0x0000000000400b20
calls=1 0 
* 17
-1 9
+5 9
+1 9
cob=(2)
cfi=(16)
cfn=(666)
calls=1 0 
* 3
cob=(2)
cfi=(16)
cfn=(648)
calls=1 0 
* 3
cob=(2)
cfi=(16)
cfn=(622)
calls=1 0 
* 3
+5 30
+16 10
-55 11
-70 2
284 6
-49 4
+55 2
+7 8

fn=(610)
33 8
+2 1
-2 3
+2 1
+6 1
-1 3
+1 2
-1 1
+1 14
+1 3
-1 1
+1 1
cfi=(36)
cfn=(116)
calls=1 -12 
* 16
+15 8
+62 5
+3 24
cfi=(36)
cfn=(116)
calls=3 -92 
* 30
* 12
-76 9
+1 9
+4 9
+71 2
-76 3
+1 3
+4 11
+6 4
+1 4
-1 4
+1 10
+2 12
+1 6
-1 12
+1 9
+3 21
-1 30
+31 18
+21 6
-57 12
+61 16
+7 8

fl=(9)
fn=(18)
39 1
+7 1
-7 5
+7 1
-7 1
+10 1
-3 1
+3 5
182 2
+1 7
+7 3
+4 2
+2 4
+41 2
+4 4
+1 2
+3 1
+2 1
-2 3
+2 2
+3 2
+51 1
+1 1
+1 1
+1 8
200 2
+1 1
+6 3
+2 1
+3 3
+16 2
+1 1
+2 2
60 1
-31 2
+4 1
-4 1
+5 1
-1 1
+31 1
-30 1
+30 1
-31 1
+27 2
-26 1
+30 1
+1 1
-36 2
+3 1
+28 1
+5 1
+5 1
-17 1
+17 1
+3 1
+1 8
+74 1
-95 2

fl=(42) /usr/src/debug/glibc-2.17-c758a686/elf/dl-reloc.c
fn=(158) _dl_relocate_object
148 50
+15 5
-15 10
+15 5
+1 20
+6 10
+6 15
-18 6
+22 6
+8 10
-33 5
+78 5
fi=(5)
76 5
fe=(42)
233 10
fi=(5)
76 15
fe=(42)
259 224
159 15
fi=(5)
298 24
fe=(42)
-39 3
fi=(4) /usr/src/debug/glibc-2.17-c758a686/elf/do-rel.h
48 3
fe=(42)
259 3
fi=(4)
58 3
fe=(42)
259 3
fi=(4)
47 6
+11 6
fe=(42)
259 2
159 10
fi=(5)
298 16
fe=(42)
-39 2
fi=(4)
48 2
fe=(42)
259 2
fi=(4)
58 2
fe=(42)
259 2
fi=(4)
47 4
+11 4
fe=(42)
259 5
fi=(4)
48 5
fe=(42)
259 5
fi=(4)
58 5
fe=(42)
259 5
fi=(4)
47 10
+11 10
+3 12
fi=(5)
507 60
+4 60
+2 90
+1 30
fi=(4)
61 123
+2 126
+2 38
-4 3
+13 6
+1 5
+1 24
fi=(5)
507 12
+24 12
fi=(4)
75 12
fi=(5)
531 12
+2 12
cob=(4)
cfi=(55)
cfn=(212) sin
calls=1 0 
* 8
cob=(4)
cfi=(55)
cfn=(210) __atan2_finite
calls=1 0 
* 8
cob=(4)
cfi=(57) /usr/src/debug/glibc-2.17-c758a686/math/../sysdeps/x86_64/fpu/multiarch/e_asin.c
cfn=(208) __asin_finite
calls=1 16 
* 5
cob=(4)
cfi=(59) /usr/src/debug////////glibc-2.17-c758a686/math/../sysdeps/x86_64/fpu/multiarch/s_floor.S
cfn=(206) floor
calls=1 25 
* 5
cob=(4)
cfi=(58) /usr/src/debug////////glibc-2.17-c758a686/math/../sysdeps/x86_64/fpu/multiarch/s_floorf.S
cfn=(204) floorf
calls=1 25 
* 5
cob=(4)
cfi=(57)
cfn=(202) __acos_finite
calls=1 10 
* 5
cob=(4)
cfi=(56) /usr/src/debug////////glibc-2.17-c758a686/math/../sysdeps/x86_64/fpu/multiarch/s_rintf.S
cfn=(200) rintf
calls=1 25 
* 5
cob=(4)
cfi=(55)
cfn=(198) __log_finite
calls=1 0 
* 8
cob=(4)
cfi=(54) /usr/src/debug/glibc-2.17-c758a686/math/../sysdeps/x86_64/fpu/multiarch/e_pow.c
cfn=(196) __pow_finite
calls=1 8 
* 5
cob=(4)
cfi=(53) /usr/src/debug////////glibc-2.17-c758a686/math/../sysdeps/x86_64/fpu/multiarch/s_rint.S
cfn=(194) rint
calls=1 25 
* 5
cob=(4)
cfi=(52) /usr/src/debug/glibc-2.17-c758a686/math/../sysdeps/x86_64/fpu/multiarch/s_sin.c
cfn=(192) cos
calls=1 20 
* 8
cob=(4)
cfi=(51) /usr/src/debug/glibc-2.17-c758a686/math/../sysdeps/x86_64/fpu/multiarch/e_exp.c
cfn=(190) __exp_finite
calls=1 15 
* 8
fi=(4)
75 12
fi=(5)
534 12
fi=(4)
75 14
fe=(42)
259 3
fi=(4)
75 9
fe=(42)
259 27
+3 15
+24 5
+3 10
+17 15
+2 40
fi=(4)
84 7
+2 14
+12 7
-15 7
+15 7
-15 7
+15 7
+10 10
+3 13
fi=(5)
497 9
fi=(4)
111 12
fi=(5)
497 3582
fi=(4)
111 4776
+7 21
+3 6
+3 6
-3 6
+3 6
-74 4
fi=(5)
424 4
fi=(4)
51 4
fi=(5)
424 16
fi=(4)
127 492
+9 232
+3 232
fi=(5)
266 116
fi=(4)
138 116
-2 116
+1 464
fi=(5)
266 116
+21 232
+4 232
+7 1503
fi=(4)
137 90
fi=(5)
298 180
fi=(4)
137 90
fi=(5)
298 90
fi=(4)
138 90
fi=(5)
298 180
fi=(4)
137 90
fi=(5)
298 280
fi=(4)
137 10
fi=(5)
298 20
fi=(4)
137 10
fi=(5)
298 10
fi=(4)
138 10
fi=(5)
298 20
fi=(4)
137 10
fi=(5)
298 1230
cfi=(6)
cfn=(164)
calls=100 716 
* 103602
* 400
+2 309
+3 108
-3 216
+3 324
+6 812
fe=(42)
177 10
+1 2
+2 4
+79 10
fi=(5)
82 6
+4 9
+14 3
-8 3
+8 6
+20 6
+11 12
417 300
fi=(4)
124 381
+19 8
+1 26
+1 21
+3 14
+4 14
-1 7
-3 7
+1 7
+1 7
-1 14
fi=(5)
298 28
+2 7
+3 7
-3 7
+3 21
470 14
+1 7
cob=(3)
cfi=(50)
cfn=(186)
calls=1 0 
* 15
cob=(3)
cfi=(49)
cfn=(184)
calls=1 30 
* 22
cob=(3)
cfi=(48)
cfn=(182)
calls=1 27 
* 8
cob=(3)
cfi=(44)
cfn=(180)
calls=1 120 
* 5
cob=(3)
cfi=(47)
cfn=(178)
calls=1 30 
* 5
cob=(3)
cfi=(45)
cfn=(174)
calls=1 36 
* 22
cob=(3)
cfi=(44)
cfn=(172)
calls=1 100 
* 5
+1 14
298 39
fi=(4)
129 26
fi=(5)
298 20
+91 39
+4 65
+5 65
-71 2
+1 3
453 6
+4 12
cfi=(18)
cfn=(46)
calls=2 61 
* 36
+2 6
+1 2
fi=(4)
108 3
fe=(42)
314 10
+1 5
+1 5
-1 5
-1 10
+2 5
+3 10
+1 15
cfi=(35)
cfn=(114) mprotect
calls=5 81 
* 25
* 10
fi=(5)
124 12
-2 6
298 14
fi=(4)
129 3
+31 8
+2 20
+8 10
+1 5
-1 5
+1 5
fi=(5)
+95 5
fi=(4)
-96 10
fi=(5)
+96 5
+21 10
+4 10
+7 135
cfi=(6)
cfn=(164)
calls=5 716 
* 5455
* 20
+2 15
+3 1
-3 2
+3 3
+6 35
417 15
fi=(4)
160 15
+14 5
fi=(5)
298 95
fe=(42)

fl=(37)
fn=(124) _dl_map_object_deps
147 1
+1 1
-1 2
+1 1
-1 1
+1 1
-1 1
+1 2
-1 4
+1 2
-1 1
+1 2
-1 1
+1 10
+15 1
-15 1
+16 1
-2 1
+1 1
-15 1
+16 1
+6 3
+10 1
-10 1
+10 3
-14 1
-4 1
+2 1
+17 1
-17 1
-2 2
+2 1
-2 1
+2 1
-2 1
+1 1
+1 1
+6 3
+10 1
-10 1
+10 3
-16 4
+20 1
+21 1
+1 1
-22 2
+19 1
-12 1
+15 1
-16 1
+13 1
347 9
215 1
+4 1
-8 1
+8 2
-4 4
+4 4
-8 4
+8 8
+12 15
+2 6
+6 3
-6 3
+6 3
+1 3
+4 3
-4 3
+1 3
+3 3
-6 3
+3 3
+3 9
-32 3
+32 6
+50 10
+1 9
-51 316
+1 158
+6 25
cfi=(25)
cfn=(70)
calls=5 40 
* 391
* 10
+5 25
-3 5
+3 5
cfi=(29)
cfn=(86)
calls=5 -97 
* 13795
+2 15
+15 5
+2 10
+5 18
+6 3
+4 3
-10 6
+3 3
+1 3
+6 3
-5 3
+1 3
+4 3
-2 3
+2 6
-2 9
-57 8
-19 2
475 10
+2 9
+3 6
-1 3
cfi=(17)
cfn=(40)
calls=3 93 
* 102
* 3
+2 3
-2 3
+2 3
+3 3
+1 15
-1 3
+1 3
cfi=(18)
cfn=(46)
calls=3 61 
* 68
+1 15
cfi=(18)
cfn=(46)
calls=3 61 
* 68
+4 3
-1 3
+5 36
+3 12
-1 5
+1 10
204 1
501 6
+1 2
+3 6
+11 4
-1 1
cfi=(17)
cfn=(40)
calls=1 93 
* 34
* 1
+3 1
-3 1
+3 2
+5 7
+1 4
+2 11
+6 12
+4 4
-10 4
+10 4
-10 9
+6 3
+4 1
-10 1
+10 1
-10 3
+13 2
+53 4
+43 19
+1 2
-1 1
-1 1
+2 1
cfi=(36)
cfn=(116)
calls=1 30 
* 16
* 10
+11 1
-6 1
-1 1
+1 1
+6 2
-11 9
+11 3
-6 3
-1 3
+1 3
+6 9
+2 12
+1 6
-1 12
+1 9
+3 21
-1 30
+23 6
-28 12
+31 12
+3 30
cfi=(36)
cfn=(116)
calls=3 30 
* 30
* 17
219 10
+1 22
+2 3
+2 9
+2 22
+71 222
688 2
+2 1
+1 1
-1 1
+9 3
+3 2
+3 8
-42 3
-35 10
cfi=(18)
cfn=(46)
calls=1 61 
* 42
+2 4
226 26

fn=(126)
60 10
+7 5
-4 15
+1 5
-1 5
+1 5
-1 25
cfi=(23) /usr/src/debug/glibc-2.17-c758a686/elf/dl-load.c
cfn=(94) _dl_map_object
calls=5 2094 
* 13420
* 5
+5 10

fl=(31)
fn=(96)
304 535
+1 214
cfi=(19)
cfn=(54)
calls=107 134 
* 756
* 107
+1 107
-1 107
+3 107
+2 214
+4 108
-4 216
+1 345
cfi=(19)
cfn=(54)
calls=115 134 
* 2121
* 230
-5 7
+11 135
-1 100
+1 400

fn=(134)
43 1
+7 1
-7 3
+7 1
-7 1
+1 1
-1 2
+7 1
cfi=(32)
cfn=(102)
calls=1 +31 
* 5
+1 1
-1 1
+1 1
+2 4
cfi=(33)
cfn=(110)
calls=1 -17 
* 10
* 2
+2 1
+3 1
-3 1
+3 1
+13 2
cfi=(32)
cfn=(120)
calls=1 +10 
* 5
+3 7
-14 6
cfi=(34)
cfn=(112)
calls=1 -28 
* 33
* 2

fl=(12) /usr/src/debug/glibc-2.17-c758a686/elf/dl-tunables.c
fn=(26) _dl_process_tunable_env_entries
37 1
-8 1
+8 1
+1 4
+4 128
+15 64
-19 192
+22 2

fl=(21)
fn=(60) _dl_discover_osversion
45 7
+2 3
+85 8
-45 3
cfi=(22)
cfn=(62)
calls=1 -6 
* 5
* 1
+15 1
-15 1
+20 1
-1 1
+3 12
+4 3
-2 6
+2 10
+2 1
+1 2
-3 4
+7 3
-1 3
+4 3
-2 3
+2 10
+5 2

fl=(23)
fn=(100) open_verify
1681 130
+36 13
-36 26
+36 26
+21 52
cfi=(32)
cfn=(102)
calls=13 81 
* 105
+1 13
-1 13
+1 13
+10 3
+1 6
+5 18
cfi=(32)
cfn=(104)
calls=3 81 
* 15
+2 6
+2 3
+2 3
-2 3
+2 3
-2 3
+8 6
+16 15
cfi=(14)
cfn=(30)
calls=3 319 
* 258
* 6
+2 3
-2 6
+4 12
cfi=(14)
cfn=(30)
calls=3 319 
* 240
-4 6
+60 6
+5 6
+3 12
+5 6
+7 3
+1 3
-1 12
+1 9
+1 3
+15 127
+1 42
+4 8
+1 4
+13 2
+1 2
+2 2
-3 2
+1 2
-1 2
+1 2
-2 2
+4 4
+5 2
+1 2
-13 8
cfi=(14)
cfn=(30)
calls=2 319 
* 146
* 8
cfi=(14)
cfn=(30)
calls=2 319 
* 160
* 8
+16 4
+6 2
-3 2
+1 2
+1 2
+1 4
+1 8
-4 2
+1 2
+1 2
-1 6
-1 2
+4 4
+5 10
+8 96
1814 1
1931 8
1783 8
cfi=(14)
cfn=(30)
calls=2 319 
* 176
* 4

fn=(64) _dl_init_paths
710 1
+15 2
-15 8
+15 3
cfi=(24) /usr/src/debug/glibc-2.17-c758a686/elf/dl-hwcaps.c
cfn=(66) _dl_important_hwcaps
calls=1 39 
* 346
+5 1
-5 1
+5 1
cfi=(17)
cfn=(40)
calls=1 93 
* 34
* 1
+1 1
-1 1
-1 1
+2 1
+8 1
-1 1
+1 1
-1 4
+5 4
cfi=(17)
cfn=(40)
calls=1 93 
* 34
* 1
+2 1
-2 1
-1 1
+3 1
+7 1
+10 1
+9 1
-20 1
+12 1
-1 1
+3 1
+1 1
-1 1
+6 9
+1 10
+2 2
-12 1
+12 1
-14 1
+2 1
+3 1
-2 1
+3 1
-1 8
+1 3
+6 11
-1 2
+14 1
-11 1
+6 1
+1 1
+5 2
+4 3
+32 4
+8 3
cfi=(25)
cfn=(70)
calls=1 40 
* 115
* 2
+2 2
cfi=(10)
cfn=(20)
calls=1 28 
* 86
* 17
cfi=(18)
cfn=(46)
calls=1 61 
* 31
* 1
+17 3
-1 2
+3 1
+1 3
+1 1
-4 3
+2 26
+1 78
+1 26
-4 79
+8 1
cfi=(17)
cfn=(40)
calls=1 93 
* 34
* 1
+1 1
-2 1
+2 1
+6 7
cfn=(72) fillin_rpath
calls=1 489 
* 920
+4 3
+6 1
+4 8
-72 1
-2 1
+2 2
+11 2
-46 2
+61 4

fn=(72)
489 7
+2 1
-2 9
+4 3
cfi=(17)
cfn=(74)
calls=1 340 
* 243
* 6
cfi=(17)
cfn=(74)
calls=2 340 
* 207
* 9
+3 4
cfi=(10)
cfn=(20)
calls=2 28 
* 89
+4 2
-4 2
+4 2
+7 12
+12 25
+1 10
+18 4
+4 6
+1 6
-1 2
+1 2
-2 2
cfi=(17)
cfn=(40)
calls=2 93 
* 68
* 2
+3 2
-3 2
+3 6
+5 2
+1 6
-2 2
+2 2
cfi=(18)
cfn=(68)
calls=2 61 
* 58
+3 2
-3 2
+3 2
-2 2
+2 2
+1 1
+5 4
+1 2
-1 4
+1 26
+1 20
+3 2
-1 4
+1 2
+7 2
+1 2
+3 6
-68 4
+5 4
+3 6
+23 4
+42 1
+3 9
-14 4

fn=(98) expand_dynamic_string_token
419 9
+10 2
-10 1
+10 1
cfi=(25)
cfn=(70)
calls=1 40 
* 169
* 2
161 2
cfi=(10)
cfn=(20)
calls=1 28 
* 97
* 1
+1 2
cfi=(17)
cfn=(40)
calls=1 -69 
* 34
* 1
+2 2
444 1
167 2
444 6
167 2
cfi=(18)
cfn=(46)
calls=1 61 
* 56

fn=(94)
2094 6
+12 12
-12 6
+12 6
-12 54
+12 6
-12 12
+12 12
+12 30
-12 45
+5 54
+1 36
+2 54
cfi=(31)
cfn=(96)
calls=18 304 
* 1245
* 39
2399 48
2141 6
+11 12
-56 6
+92 6
-2 3
+2 3
cfi=(25)
cfn=(70)
calls=3 40 
* 175
* 6
2330 6
cfn=(98)
calls=1 419 
* 390
+1 1
-3 1
+4 1
-1 2
+4 6
cfn=(100)
calls=1 1681 
* 328
+3 1
-3 1
+3 1
+12 9
+2 6
+44 3
+1 21
-1 3
+1 15
cfn=(106) _dl_map_object_from_fd
calls=3 916 
* 6576
* 3
2192 4
cfi=(10)
cfn=(20)
calls=2 28 
* 121
* 2
+2 2
-2 2
+2 2
+7 8
+35 4
+1 30
cfn=(128) open_path
calls=2 1945 
* 1872
* 6
+6 12
687 2
2244 2
687 4
2322 4
-97 10
+21 4
+6 8
+2 6
+4 4
cfi=(39)
cfn=(132)
calls=2 185 
* 3107
+2 2
-2 2
+2 2
+5 6
+8 4
+28 20
cfn=(100)
calls=2 1681 
* 1218
+3 2
-3 2
+3 4
+1 4
-79 14
687 2
2227 2
687 4
2205 2
+8 10
-7 4
-1 2
+8 16
-3 6
687 2
2211 2
687 4
2119 45
+3 6
+2 6
-1 12
+1 6
cfi=(19)
cfn=(54)
calls=6 134 
* 105
* 12

fn=(128)
1945 16
+1 2
-1 10
+7 2
-7 2
+1 2
+6 4
+5 34
+74 2
-74 2
-7 2
-1 2
+82 2
-22 2
-52 2
+52 8
-40 2
-9 2
+9 4
-9 2
+9 2
+7 16
cfi=(18)
cfn=(68)
calls=4 61 
* 116
+1 4
-1 4
+1 12
-13 8
+33 16
-20 38
+3 32
+4 80
cfi=(18)
cfn=(68)
calls=10 61 
* 198
* 40
cfi=(18)
cfn=(68)
calls=10 61 
* 230
* 10
+3 10
+3 20
+3 70
cfn=(100)
calls=10 1681 
* 400
* 10
+2 30
+26 8
+2 6
+36 2
+27 16
-84 16
+1 72
+6 16
+2 24
-2 8
+2 8
cfi=(38) /usr/src/debug/glibc-2.17-c758a686/io/../sysdeps/unix/sysv/linux/wordsize-64/xstat.c
cfn=(130) _xstat
calls=8 36 
* 98
* 16
+1 2
+2 2
-2 2
+2 16
+7 4
-44 4
+37 12
+7 12
-44 14
+85 20
+7 4
-2 4
+2 12
+3 6
+14 6
-72 12

fn=(106)
916 33
+11 3
-11 3
+11 3
-11 9
+11 3
cfi=(26) /usr/src/debug/glibc-2.17-c758a686/elf/dl-debug.c
cfn=(76) _dl_debug_initialize
calls=3 51 
* 24
+4 9
-4 3
+4 3
cfi=(33)
cfn=(110)
calls=3 36 
* 30
* 6
+11 21
+1 9
-1 27
+1 36
461 3
1633 24
960 6
+25 6
+10 6
+22 3
-89 3
+89 9
+35 21
cfi=(15)
cfn=(32)
calls=3 62 
* 1477
+1 3
-1 3
+1 3
+11 6
+5 3
-5 3
+1 6
+1 3
+2 3
-2 3
+2 12
+1 9
+1 3
+24 57
+8 3
-8 6
+8 3
-8 9
+8 3
+99 3
1095 3
1201 3
1096 3
-11 3
1201 6
+8 12
1103 45
-1 184
+1 133
+6 6
+1 9
+1 3
+9 30
+6 12
+1 6
-1 24
+7 24
+11 6
+2 6
-1 6
+4 6
-5 6
+1 6
-1 12
+2 6
-1 6
+2 6
+3 6
+4 6
-9 6
+2 6
+1 6
+1 6
+1 6
+4 6
+1 9
+5 6
-16 3
+16 15
+10 3
-10 6
-16 3
+16 15
+10 3
+3 3
+5 1
-1 1
+3 1
-1 1
-1 1
+1 1
+3 3
+1 2
+3 2
+4 4
+6 1
cfi=(27) /usr/src/debug/glibc-2.17-c758a686/elf/../elf/dl-tls.c
cfn=(140) _dl_next_tls_modid
calls=1 52 
* 6
* 2
+1 1
+60 6
+1 9
+1 3
-6 6
+1 3
1114 2
+1 7
1262 9
+13 24
+2 6
+14 3
+5 18
cfi=(34)
cfn=(112)
calls=3 32 
* 105
+4 3
-4 3
+4 3
+7 3
+1 3
-1 3
+1 3
+2 3
-3 3
+1 3
+2 3
+10 3
+2 3
+33 18
+1 9
+2 12
+8 24
+6 3
+2 3
-2 3
+1 3
+2 3
-1 3
+1 3
-1 9
+8 6
+3 6
+11 21
cfi=(36)
cfn=(116)
calls=3 30 
* 1998
+1 15
+5 6
+15 6
-74 30
+2 12
+2 24
cfi=(34)
cfn=(112)
calls=3 32 
* 93
* 6
1065 3
1421 12
+9 6
fi=(3) /usr/src/debug/glibc-2.17-c758a686/elf/get-dynamic-info.h
38 3
fe=(23)
1430 3
fi=(3)
38 3
+6 3
-2 3
+2 6
+7 3
+5 3
+3 3
-1 3
-3 3
-3 66
+10 15
-18 45
+8 58
+10 58
-18 174
+18 2
-18 6
+2 150
+5 68
+2 8
+16 6
+20 12
+1 12
+1 12
+1 12
+2 12
+5 12
+1 11
+1 11
+35 9
+5 2
+2 2
-2 2
+2 2
+2 4
+2 4
+1 1
+2 9
+10 2
-8 4
+9 4
-1 2
+5 4
+1 2
+2 6
fe=(23)
1436 6
+16 9
+19 6
+2 15
+51 9
+1 2
+3 2
cfi=(32)
cfn=(120)
calls=1 81 
* 5
* 4
cfi=(32)
cfn=(120)
calls=2 81 
* 10
* 6
+8 15
+3 9
+2 3
-2 3
+2 3
+16 6
cfi=(6)
cfn=(10)
calls=3 865 
* 60
+4 6
+1 6
+17 6
+1 1
+3 1
+6 1
-6 1
+1 2
+5 1
-6 2
+6 2
-6 2
+1 4
+5 2
+10 6
+10 9
cfi=(15)
cfn=(48)
calls=3 33 
* 132
+4 9
fi=(3)
56 8
fe=(23)
1317 3
-1 15
cfi=(35)
cfn=(114)
calls=3 81 
* 15
* 3
fi=(3)
59 8
+1 2
+1 8
fe=(23)
1359 10
+2 2
-1 6
+1 4
-1 2
+1 4
-1 4
+3 8
+43 8
cfi=(34)
cfn=(112)
calls=1 32 
* 31
+3 2
1536 6
937 2

fl=(10)
fn=(20)
28 18
+1 18
+1 18
+1 18
+2 10
+1 10
+2 10
+1 10
-1 29
+1 29
+1 38
+1 38
+1 38
+2 34
+5 17
+1 17
+1 17
+1 17
+3 17
-6 6
+1 6
+1 6
+1 6
+3 6
+1 19
+1 19
+1 19
+2 19
+3 15
+1 15
+1 15
+1 15
+3 15
+1 14
+1 14
+1 14
+2 14
+3 11
+1 11
+1 11
+1 11
+3 11
+1 7
+1 7
+1 7
+2 7
+3 6
+1 6
+1 6
+1 6
+3 6
+1 6
+1 6
+1 6
+2 6
+3 17
+2 17
+1 17
+1 13
+2 13
+1 13
+1 13
+2 13
+1 13
+1 11
+2 11
+1 11
+1 6
+2 6
+2 6
+1 6
+1 5
+2 5
+1 5
+1 2
+2 2
+1 2
+3 18
+1 18

fl=(26)
fn=(76)
51 10
+5 8
+5 2
-1 1
+1 2
+1 2
-1 2
-9 5
+4 10
+4 1
-1 1
-59 5

fn=(80) _dl_debug_state
75 2

fl=(24)
fn=(66)
39 8
+2 1
-2 1
+3 1
-3 2
+3 1
-3 1
+2 3
+1 2
+9 1
-10 1
+10 2
+10 4
+42 1
+3 17
+1 1
-1 4
+30 2
+8 2
+2 3
+1 2
+1 2
+3 2
+7 1
-7 1
+1 1
+7 1
-1 1
+4 3
+1 1
-1 6
+1 1
+18 12
+1 4
cfi=(17)
cfn=(40)
calls=1 -89 
* 34
* 1
+1 1
-1 1
+1 4
+26 1
+3 1
-3 2
+3 1
+28 9
+1 2
-1 2
+1 6
-1 8
+5 6
+3 1
-3 1
+3 2
-3 1
+3 1
-3 2
+3 1
-3 1
+3 2
-3 1
+3 3
+1 12
+1 4
-1 4
+1 8
-2 4
+1 8
-1 14
+4 4
+3 1
+2 2
-1 1
-1 2
+2 10
+13 2
+1 1
-1 1
+3 2
-3 2
+1 1
-1 1
+3 2
+3 3
+3 9
-65 4
cfi=(18)
cfn=(68)
calls=1 61 
* 22
+1 2
-1 2
+1 1
cfi=(18)
cfn=(68)
calls=1 61 
* 22
* 4

fl=(19)
fn=(54)
134 646
+1 646
+1 646
+1 350
+1 350
+1 350
+1 350
cfn=(55) strcmp'2
calls=350 -6 
* 13551
+5 296
+1 296
+1 296
+1 296

fn=(55)
134 1893
+1 1893
+1 1893
+1 1693
+1 1693
+1 1693
+1 1693
cfn=(55)
calls=1543 -6 
* 64081
+2 150
+1 150
+2 200
+1 200
+1 200
+1 200

fl=(38)
fn=(130)
36 8
-1 8
+1 8
+1 48
+4 2
-4 24

fl=(8)
fn=(14)
31 1
-3 1
+3 6
+8 1
-6 2
+7 1

fl=(27)
fn=(214) _dl_allocate_tls_init
443 7
+1 1
-1 1
+1 1
+4 1
+6 2
-6 2
+6 2
+12 1
-15 1
-1 2
+21 6
+6 12
+3 1
+1 2
+7 1
+2 1
-2 2
+2 3
+1 1
+3 2
-1 2
+18 1
-2 1
-8 1
+8 2
-8 1
+8 1
cfi=(18)
cfn=(68)
calls=1 61 
* 23
* 4
cfi=(36)
cfn=(116)
calls=1 30 
* 150
* 2
-38 3
+52 2
+2 1
+1 8

fn=(140)
52 3
+48 2
+4 1

fn=(156) _dl_allocate_tls_storage
349 1
+13 1
-13 2
+2 1
+11 2
cfi=(17)
cfn=(44)
calls=1 51 
* 78
* 1
+1 1
-1 1
+1 1
+7 1
+4 306
-58 1
+1 1
-1 1
+1 2
cfi=(17)
cfn=(36)
calls=1 102 
* 43
* 1
+1 2
+9 1
-6 1
+6 1
+64 5

fn=(188) _dl_add_to_slotinfo
879 6
+6 1
+3 2
+5 5
+41 1
+1 3
+1 6

fn=(154) _dl_determine_tlsoffset
144 1
+34 1
-34 1
+34 2
-45 1
+1 1
+2 1
-3 1
+2 1
-2 1
+43 1
-43 2
+50 1
-1 1
+5 2
-4 1
-1 1
+7 1
-7 1
+3 2
+2 1
+2 1
-2 2
+16 5
+2 1
+1 1
-1 2
+4 1
+6 1
-12 1
-25 5
+40 1
+53 4
-1 1
+1 3
-52 1
+52 1

fn=(78) _dl_count_modids
111 2
+1 2

fl=(34)
fn=(112)
32 11
+1 11
-1 99
+1 27
+1 110
+2 77
-3 26

fl=(30)
fn=(90)
26 6
+9 6
+1 12
+1 6
+4 6
+1 6
+1 6
+1 6
+1 6
+2 12
+2 6
+1 6
+1 6
+2 12
+2 6
+4 6
+1 6

fl=(35)
fn=(114)
81 32
+1 8

fn=(220)
81 4
+1 1

fl=(71) /usr/src/debug/glibc-2.17-c758a686/elf/../elf/dl-runtime.c
fn=(282) _dl_fixup
68 24
+6 24
-6 12
+3 12
-1 12
+1 12
+3 12
+1 12
-1 24
+1 36
+1 12
-1 12
+1 24
+9 24
+4 36
+4 22
+1 44
+2 44
+7 36
-1 12
+11 108
cfi=(6)
cfn=(164)
calls=12 716 
* 13882
* 12
+4 36
+10 72
+16 12
-8 12
+8 36
+4 36
fi=(5)
+85 12
fe=(71)
-81 36
-64 2
fi=(103) /usr/src/debug/glibc-2.17-c758a686/elf/../sysdeps/x86_64/dl-irel.h
-55 1
cob=(3)
cfi=(104)
cfn=(564)
calls=1 * 
* 10
* 1
fe=(71)

fl=(2)
fn=(88)
877 14

fn=(52)
923 12

fn=(92)
704 2
+2 7
cfi=(23)
cfn=(94)
calls=1 2094 
* 2580
* 1
+2 2

fn=(2)
441 9
+18 4
fi=(3)
44 1
fe=(2)
459 1
fi=(5)
59 3
fi=(3)
-15 1
fe=(2)
488 1
-3 1
fi=(3)
44 1
+17 2
-3 1
-7 1
+5 1
+3 1
+2 1
-3 1
-3 1
-3 2
-5 28
+15 14
-18 42
+18 1
-18 3
+2 40
+5 24
+1 20
+10 5
-18 15
+25 2
+20 4
+1 4
+1 4
+1 4
+2 4
+5 4
+1 4
+1 4
fe=(2)
621 34
fi=(4)
111 1
-28 1
+28 2
fi=(5)
497 3
fi=(4)
111 2
fi=(5)
497 1
fi=(4)
111 1
fi=(5)
497 27
fi=(4)
111 18
fi=(5)
497 9
fi=(4)
111 9
+13 1
fi=(5)
309 1
fi=(4)
124 2
+13 1
+2 2
-2 1
fi=(5)
263 1
fi=(4)
137 1
fi=(5)
291 1
fi=(4)
137 2
fi=(5)
291 1
fi=(4)
137 7
+2 14
-2 7
fi=(5)
263 7
fi=(4)
137 7
fi=(5)
291 7
fi=(4)
137 14
fi=(5)
291 7
+9 16
+3 8
-3 16
+3 24
+6 48
fi=(3)
53 4
+3 4
+3 4
+1 1
+1 2
fe=(2)
378 1
623 1
378 1
cfi=(6)
cfn=(10)
calls=1 865 
* 23
+1 2
+1 2
+1 2
+1 2
+20 1
+9 1
-9 3
+9 1
-6 1
-3 1
+9 1
cfi=(7)
cfn=(12)
calls=1 86 
* 160256
* 1
+9 4
+3 1
+4 1
-4 1
+4 1
648 9
fi=(5)
398 8
+9 8
fi=(4)
124 25
fe=(2)

fn=(50)
917 12

fn=(82) handle_ld_preload
970 9
+1 1
-76 1
+86 1
-11 2
-75 6
+80 3
fi=(28) /usr/src/debug/glibc-2.17-c758a686/elf/../string/bits/string2.h
+9 3
+1 5
-1 264
+1 132
+1 66
-2 66
+2 66
-2 199
+2 1
-2 3
fe=(2)
-5 3
+10 4
108 3
992 2
890 1
+5 5
-10 1
+4 1
+1 1
+1 1
+2 1
+2 1
cfi=(29)
cfn=(86)
calls=1 159 
* 2650
+1 2
+8 3
+89 1
-18 3
+21 9
-15 4
cfi=(18)
cfn=(46)
calls=1 61 
* 66
* 1
+1 3

fn=(24)
1005 10
+19 1
2598 1
1005 1
2598 1
1005 1
+19 1
+3 1
-22 2
+22 1
+4 2
+1 2
+5 2
2591 2
+7 1
-5 1
+5 4
+5 1
cfi=(12)
cfn=(26)
calls=1 37 
* 393
* 1
-9 4
+11 2
cfi=(13)
cfn=(28)
calls=1 30 
* 34
* 4
cfi=(13)
cfn=(28)
calls=2 30 
* 386
* 9
+4 48
+1 19
-1 57
+3 4
+6 16
2766 3
+30 3
1045 2
-2 1
+2 1
1241 7
cfi=(15)
cfn=(32)
calls=1 62 
* 244
* 1
+3 1
+1 1
+5 2
-5 1
+1 1
1014 1
1246 1
+4 1
cfi=(15)
cfn=(48)
calls=1 33 
* 34
* 3
+30 1
-3 1
-5 1
+1 1
+2 1
+5 6
+56 2
1011 1
1336 2
-55 24
-1 27
+1 47
-1 2
1383 3
+3 2
+2 2
+2 2
+13 2
+1 8
cfi=(19)
cfn=(54)
calls=1 134 
* 7
* 3
+11 1
-4 1
+1 1
-3 1
+6 1
+6 2
fi=(3)
29 1
+9 2
+6 1
-2 1
+2 2
+7 1
+5 1
+3 1
+2 1
-3 1
-3 1
-3 14
+10 3
-18 9
+8 21
+10 21
-18 63
+2 48
+5 12
+18 3
+67 3
+14 3
+18 2
fe=(2)
1426 2
cfi=(6)
cfn=(10)
calls=1 865 
* 14
+3 2
fi=(20) /usr/src/debug/glibc-2.17-c758a686/elf/setup-vdso.h
24 2
fe=(2)
1451 1
cfi=(21)
cfn=(60)
calls=1 45 
* 93
* 8
1285 3
+1 1
+90 2
+1 2
+1 1
-6 2
+1 1
-37 2
-1 2
+1 4
-1 2
+2 4
+1 1
+3 2
+1 2
-1 2
+1 2
+1 2
+1 6
+1 2
-45 1
+9 1
-9 1
+9 1
-7 1
+25 1
-25 1
-3 1
+10 1
-19 3
+1 1
2693 4
+1 4
cfi=(14)
cfn=(30)
calls=1 319 
* 120
* 2
+2 3
-57 4
cfi=(14)
cfn=(30)
calls=1 319 
* 26
* 2
+7 4
cfi=(14)
cfn=(30)
calls=1 319 
* 80
* 2
+2 3
1456 2
cfi=(23)
cfn=(64)
calls=1 710 
* 1995
+3 3
cfi=(26)
cfn=(76)
calls=1 51 
* 17
+7 1
-7 1
+2 1
+5 1
+3 3
+1 1
+3 1
-3 3
+1 2
+3 1
+5 1
-7 1
+7 1
+1 5
+4 1
+4 1
-2 4
+1 2
+1 3
+5 2
+1 6
+2 2
+1 2
+5 2
+6 4
+1 2
-2 1
1020 1
1688 1
cfi=(27)
cfn=(78)
calls=1 111 
* 4
* 1
+8 3
+3 2
+4 3
+7 1
+4 3
+19 3
+16 3
cfi=(32)
cfn=(122)
calls=1 81 
* 9
* 2
+77 4
+17 3
+1 1
-1 1
+1 2
-1 1
+1 5
cfi=(37)
cfn=(124)
calls=1 147 
* 16227
+1 1
+5 1
-5 3
+2 2
+3 4
+1 4
-1 2
+1 16
-1 8
+4 3
+1 3
+1 1
+2 2
+1 5
-1 5
+1 6
-1 9
-28 11
168 2
1872 1
-1 2
+1 1
+2 1
+2 3
+2 1
-4 1
+4 2
+15 2
+1 3
+13 1
-2 1
+2 1
-2 1
+2 1
-1 1
-1 2
+2 1
cfi=(29)
cfn=(142)
calls=1 197 
* 4800
+10 1
+1 1
-1 1
+1 1
+1 1
cfn=(152) init_tls
calls=1 803 
* 626
* 1
+2 2
932 1
fi=(117) /usr/src/debug/glibc-2.17-c758a686/elf/../sysdeps/unix/sysv/linux/dl-osinfo.h
86 2
fe=(2)
934 1
fi=(117)
112 1
fe=(2)
943 1
+7 1
-5 1
1926 2
2159 3
+56 1
+4 1
+7 1
-11 1
+4 3
+4 2
+3 1
+8 2
+99 4
+2 1
+5 2
cfi=(27)
cfn=(214)
calls=1 443 
* 254
+4 2
+16 2
+29 1
cfi=(7)
cfn=(216)
calls=1 251 
* 1
+4 3
+20 3
cfi=(26)
cfn=(76)
calls=1 51 
* 8
+1 1
-1 1
+2 1
cfi=(26)
cfn=(80)
calls=1 75 
* 1
+1 1
+4 1
cfi=(39)
cfn=(218)
calls=1 316 
* 15
+5 8
1445 3
1735 3
+1 1
-1 2
+1 1
cfn=(82)
calls=1 970 
* 3594
* 1
+1 4
+2 3
-31 2
+1 1
cfi=(26)
cfn=(80)
calls=1 75 
* 1
* 1
2360 2
+15 1
+3 1
-3 1
+3 1
-3 2
+3 2
-3 1
+2 1
+1 1
cfi=(42)
cfn=(158)
calls=1 148 
* 9155
+1 4
+2 3
2209 1
1013 2
1869 2
2280 3
+7 1
+2 11
+2 1
+2 15
+5 10
+2 10
+8 5
-2 5
+2 10
+1 32
cfi=(42)
cfn=(158)
calls=4 148 
* 120252
+4 17
-22 14
+25 4
+2 1
+6 1
-6 1
+6 1
1830 6
+1 1
-1 2
+4 1
+1 1
-1 1
+2 2
2302 1
+1 1
-3 2
+14 2
cfi=(27)
cfn=(188)
calls=1 879 
* 24
* 1

fn=(152)
803 1
-1 1
-6 1
+2 2
+4 1
+10 2
-4 1
+4 2
cfi=(17)
cfn=(36)
calls=1 102 
* 43
* 1
-1 1
+6 1
-9 1
+11 1
+6 1
-1 1
+1 12
+2 10
+4 1
+2 1
-2 2
-5 10
+12 1
cfi=(27)
cfn=(154)
calls=1 144 
* 56
+7 1
cfi=(27)
cfn=(156)
calls=1 349 
* 455
+1 1
-1 1
+1 1
+6 1
+8 1
-8 1
+8 6
+4 2
+3 2

fn=(144)
736 2
+2 4
cfi=(41)
cfn=(146)
calls=1 381 
* 4760
* 2
+4 2

fl=(70) /usr/src/debug////////glibc-2.17-c758a686/elf/../sysdeps/x86_64/dl-trampoline.h
fn=(280) _dl_runtime_resolve_xsave
71 1
+3 1
+2 1
+10 1
+6 1
+1 1
+1 1
+1 1
+1 1
+1 1
+1 1
+4 1
+1 1
+3 1
+1 1
+2 1
+1 1
+1 1
+1 1
+1 1
+1 1
+2 1
+13 1
+1 1
+1 1
cfi=(71)
cfn=(282)
calls=1 -63 
* 1490
+1 1
+5 1
+1 1
+1 1
+2 1
+1 1
+1 1
+1 1
+1 1
+1 1
+1 1
+2 1
+2 1
+4 1
+3 1

fn=(281) _dl_runtime_resolve_xsave'2
71 11
+3 11
+2 11
+10 11
+6 11
+1 11
+1 11
+1 11
+1 11
+1 11
+1 11
+4 11
+1 11
+3 11
+1 11
+2 11
+1 11
+1 11
+1 11
+1 11
+1 11
+2 11
+13 11
+1 11
+1 11
cfi=(71)
cfn=(282)
calls=11 -63 
* 13224
+1 11
+5 11
+1 11
+1 11
+2 11
+1 11
+1 11
+1 11
+1 11
+1 11
+1 11
+2 11
+2 11
+4 11
+3 11

fl=(18)
fn=(68)
61 32
+4 32
+3 32
+1 32
+2 13
+1 13
+2 13
+1 13
+5 13
+1 13
-1 19
+1 19
+2 19
+1 19
+2 19
+1 19
+5 19
+1 19
-1 13
+1 13
+2 12
+1 12
+2 12
+1 12
+5 12
+1 12
-1 20
+1 20
+2 18
+1 18
+2 18
+1 36
+5 18
+1 18
-1 14
+1 17
+5 3
+1 3
+1 3
+1 3
+2 3
+2 3
+1 3
+2 3
+6 32
+4 32
+12 1
+2 1
+1 1
+26 1
+1 1
+3 1
+1 1
+1 1
+5 1
+2 1
+1 1
+1 1
+1 1
+2 1
+1 1
+1 1
+1 1
+2 1
+1 1
+2 1
+2 1
+2 1
+1 1
+1 1
+1 1
+2 1
+1 1
+1 1
+1 1
+2 1
+1 1
+2 3
+5 1
+2 1

fn=(46)
61 20
+2 20
+2 20
+3 19
+1 19
+2 5
+1 5
+2 5
+1 5
+5 5
+1 5
-1 14
+1 14
+2 2
+1 2
+2 2
+1 4
+5 2
+1 2
-1 17
+1 17
+2 3
+1 3
+2 3
+1 3
+5 3
+1 3
-1 16
+1 16
+2 10
+1 10
+2 10
+1 10
+5 10
+1 10
-1 9
+1 18
+5 9
+1 9
+1 9
+1 9
+2 9
+2 9
+1 9
+2 9
+8 19
+8 4
+6 4
+2 4
+1 4
+3 1
+1 3
+5 1
+1 1
+2 1
+2 1
+1 1
+2 1
-8 2
+1 2
+2 2
+2 2
+1 2
+2 4
+9 1
+1 1
-1 3
+1 3
+3 4
+1 4
+1 4
+5 4
+2 4
+1 4
+1 4
+1 4
+2 4
+1 4
+1 4
+1 4
+2 4
+1 4
+2 4
+2 3
+2 3
+1 3
+1 3
+1 3
+2 3
+1 3
+1 3
+1 3
+2 3
+1 3
+2 9
+5 3
+6 3
+1 3
-7 1
+6 1
+1 1
+2 1

fl=(60)
fn=(224)
90 10
+5 1
-4 1
-1 1
+2 1
+3 2
+7 6
+28 3
+1 4
-97 3
+97 16
-97 12
+9 4
-3 8
+3 12
+5 9
+5 4
+8 4
+2 4
+4 8
cob=(2)
cfi=(16)
cfn=(258)
calls=1 -67 
* 6
cob=(3)
cfi=(62)
cfn=(238)
calls=1 -15 
* 148
+4 2
+1 4
+6 4
+2 4
-2 2
+3 12
+1 8
cob=(4)
cfi=(55)
cfn=(262) 0x00000000000056d0
calls=1 -82 
* 16
cob=(3)
cfi=(67)
cfn=(248)
calls=1 478 
* 1879
* 2
-1 8
+49 10
+4 1
+1 8
-86 4
-15 3
+9 1
-3 2
+3 3
+5 3
+5 2
+8 2
+2 2
+4 5
cob=(2)
cfi=(16)
cfn=(226)
calls=1 -67 
* 6
* 1
+4 1
+1 2
+6 2
+2 2
-2 1
+3 6
+1 4
cob=(5)
cfi=(61)
cfn=(230) 0x0000000000000640
calls=1 -82 
* 17
* 1
-1 4
+17 2
-54 3

ob=(4)
fl=(57)
fn=(202)
10 5

fn=(208)
16 5

fl=(54)
fn=(196)
8 5

fl=(59)
fn=(206)
25 1
+1 1
+1 1
+1 1
+2 1

fl=(52)
fn=(192)
20 8

fl=(58)
fn=(204)
25 1
+1 1
+1 1
+1 1
+2 1

fl=(51)
fn=(190)
15 8

fl=(56)
fn=(200)
25 1
+1 1
+1 1
+1 1
+2 1

fl=(55)
fn=(210)
0 8

fn=(198)
0 8

fn=(262)
0 16

fn=(212)
0 8

fn=(660) 0x0000000000005620
0 9

fn=(650)
0 8
cob=(2)
cfi=(16)
cfn=(656)
calls=1 0 
0 54
0 1
cfn=(660)
calls=1 0 
0 9
0 3

fl=(53)
fn=(194)
25 1
+1 1
+1 1
+1 1
+2 1

ob=(6)
fl=(78) /h/jmitch08/comp40/um/memory.c
fn=(470) add_segment
47 105245
+1 126294
cfi=(69)
cfn=(472) Seq_addhi
calls=21049 -48 
* 613365
+1 105245
+1 63147

fn=(554) remove_id
136 5575144
+1 5575144
cfi=(69)
cfn=(556) Seq_remlo
calls=1393786 0 
* 36238436
+1 2787572

fn=(476) get_segment
61 1036065705
+1 1243278846
cfi=(69)
cfn=(478) Seq_get
calls=207213141 -62 
* 4765902243
* 207213141
+1 207213141
+1 414426282

fn=(546) add_id
124 7050225
+1 9870315
cfi=(69)
cfn=(548) Seq_addlo
calls=1410045 0 
* 38781065
+1 4230135

fn=(506) get_num_unused
148 5659336
+1 5659336
cfi=(69)
cfn=(508) Seq_length
calls=1414834 0 
* 9903838
+1 2829668

fn=(550) put_segment
163 16822986
+1 19626817
cfi=(69)
cfn=(552) Seq_put
calls=2803831 0 
* 78507268
+1 8411493

fn=(510) get_curr_id
175 63144
+1 42096
+1 42096

fn=(538) rem_segment
76 7050225
+1 7050225
cfn=(476)
calls=1410045 -16 
* 53581710
* 2820090
cfi=(92) /h/jmitch08/comp40/um/segments.c
cfn=(540) segment_free
calls=1410045 -31 
* 141005373
+1 4230135

fn=(594) free_memory
89 4
+1 3
cfn=(596) get_mem_size
calls=1 +21 
* 17
* 1
+1 2
+1 126294
cfi=(69)
cfn=(478)
calls=21049 -92 
* 484127
* 21049
+1 42098
+1 14370
cfi=(92)
cfn=(540)
calls=4790 -48 
* 1187474
-3 84199
+7 3
cfi=(69)
cfn=(598) Seq_free
calls=1 -98 
* 167
+1 4
cfi=(69)
cfn=(598)
calls=1 -99 
* 167
+1 3
cob=(3)
cfi=(79)
cfn=(466)
calls=1 2924 
* 89
* 1
+1 3

fn=(596)
111 4
+1 4
cfi=(69)
cfn=(508)
calls=1 0 
* 7
+1 2

fn=(314) create_memory
28 4
+1 2
cob=(1)
cfi=(70)
cfn=(281)
calls=1 +42 
* 59459
* 5
* 1
+1 3
cfi=(69)
cfn=(340) Seq_new
calls=1 -30 
* 1872
* 3
+1 3
cfi=(69)
cfn=(340)
calls=1 -31 
* 504
* 3
+1 2
+1 1
+1 2

fl=(69)
fn=(612)
0 5
cfn=(616) 0x0000000000400a90
calls=1 0 
0 9
0 3

fn=(342) Mem_calloc
0 32
cob=(3)
cfi=(79)
cfn=(348)
calls=1 3183 
0 224
cob=(1)
cfi=(70)
cfn=(281)
calls=1 71 
0 1588
0 6
0 16

fn=(514) expand
0 112
cfn=(516) UArray_resize
calls=16 0 
0 761421
0 118
cob=(3)
cfi=(105)
cfn=(566)
calls=6 59 
0 33751
cob=(1)
cfi=(70)
cfn=(281)
calls=1 71 
0 1384
0 11
0 71

fn=(272)
0 11
cob=(1)
cfi=(70)
cfn=(280)
calls=1 71 
0 39568866624
0 5

fn=(350) Mem_alloc
0 22
cob=(3)
cfi=(79)
cfn=(320)
calls=2 2888 
0 352
0 2
0 14

fn=(552)
0 78507268

fn=(600) UArray_free
0 22
cfn=(602) Mem_free
calls=2 0 
0 92
0 10
cfn=(602)
calls=2 0 
0 186
0 6

fn=(292)
0 16
cob=(2)
cfi=(16)
cfn=(294)
calls=1 0 
0 6
0 7
cfn=(298) 0x0000000000400b40
calls=1 0 
0 17
0 11

fn=(556)
0 36238436

fn=(598)
0 18
cfn=(600)
calls=2 0 
0 316

fn=(340)
0 22
cfn=(342)
calls=2 0 
0 1866
0 12
cfn=(350)
calls=2 0 
0 390
0 10
cfn=(352) UArrayRep_init
calls=2 0 
0 60
0 16

fn=(352)
0 60

fn=(472)
0 526241
cfn=(514)
calls=8 0 
0 87100
0 24

fn=(508)
0 9903845

fn=(516)
0 320
cfn=(518) Mem_resize
calls=16 0 
0 761005
0 96

fn=(518)
0 256
cob=(3)
cfi=(79)
cfn=(524)
calls=15 2958 
0 758747
cob=(1)
cfi=(70)
cfn=(281)
calls=1 71 
0 1854
0 20
0 128

fn=(602)
0 12
cob=(3)
cfi=(79)
cfn=(466)
calls=4 2924 
0 262
0 4

fn=(616)
0 9

fn=(298)
0 17

fn=(478)
0 4766386370

fn=(548)
0 38071281
cfn=(514)
calls=8 0 
0 709768
0 16

fn=(384) stat
0 4
cob=(1)
cfi=(70)
cfn=(281)
calls=1 71 
0 1298
0 5

fl=(92)
fn=(480) get_word
75 418127304
+1 418127304
+1 209063652

fn=(540)
46 5659340
+1 4244505
cob=(3)
cfi=(79)
cfn=(466)
calls=1414834 2924 
* 126628296
cob=(1)
cfi=(70)
cfn=(281)
calls=1 +24 
* 1362
* 1414839
+1 4244505

fn=(392) segment_new
27 5659340
+1 8489010
cob=(3)
cfi=(79)
cfn=(320)
calls=1414835 2888 
* 140263073
* 1414835
* 1414835
+2 4244505
+2 2829670
+1 34158000
-1 38402505
+4 1414835
+1 2829670

fn=(438) add_word
61 81154290
+1 81154290
+1 48692574

fn=(488) get_size
87 255211566
+1 170141044
+1 170141044

fl=(77)
fn=(474) run_program
86 6
+1 1
+1 1
+2 1
+1 510423132
cfi=(78)
cfn=(476)
calls=85070522 -30 
* 3232679836
* 255211566
cfi=(92)
cfn=(480)
calls=85070522 -16 
* 850705220
* 85070522
+2 680564176
cfn=(482) execute_instr
calls=85070522 +28 
* 28652331962
+2 340282088
cfi=(78)
cfn=(476)
calls=85070522 -34 
* 3232679836
* 170141044
cfi=(92)
cfn=(488)
calls=85070522 -8 
* 595493654
* 340282088
+4 255211566
-9 340282092
+11 3
cfi=(78)
cfn=(594)
calls=1 -12 
* 1960075
+1 5

fn=(482)
121 680564176
+1 425352610
cfi=(98) /h/jmitch08/comp40/um/bitpack.c
cfn=(484) Bitpack_getu
calls=85070522 -36 
* 5274372364
* 85070522
+2 425352610
+1 13732095
cfi=(101) /h/jmitch08/comp40/um/instructions.c
cfn=(502) move
calls=2746419 25 
* 694180158
+1 2746419
+1 116767824
cfi=(101)
cfn=(496) load_segment
calls=19461304 -80 
* 6110849456
+1 19461304
+1 97204488
cfi=(101)
cfn=(494) store_segment
calls=16200748 -61 
* 5103235620
+1 16200748
+1 15705200
cfi=(101)
cfn=(500) add
calls=3141040 -45 
* 794683120
+1 3141040
+1 524575
cfi=(101)
cfn=(512) multiply
calls=104915 -31 
* 26543495
+1 104915
+1 851680
cfi=(101)
cfn=(534) divide
calls=170336 -15 
* 43265344
+1 170336
+1 21479450
cfi=(101)
cfn=(498) nand
calls=4295890 * 
* 1091156060
+1 4295890
+1 2
+1 1
+1 8489004
cfi=(101)
cfn=(504) map
calls=1414834 +17 
* 758143090
+1 1414834
+1 8460270
cfi=(101)
cfn=(536) unmap
calls=1410045 +44 
* 480126023
+1 1410045
+1 905
cfi=(101)
cfn=(568) output
calls=181 +62 
* 91602
+1 181
+3 21426654
cfi=(101)
cfn=(490) load_program
calls=3571109 +95 
* 903490577
+1 3571109
+1 162768500
cfi=(101)
cfn=(486) load_value
calls=32553700 281 
* 4948162400
+1 32553700
+4 255211566

fn=(312)
30 5
+1 2
+5 2
cfi=(78)
cfn=(314)
calls=1 -8 
* 61864
* 1
+1 7
cfn=(354) read_file
calls=1 +16 
* 25481878
+2 4
+1 5
cfn=(474)
calls=1 +46 
* 39543318874
* 1
+1 2

fn=(354)
53 5
+1 4
cob=(1)
cfi=(70)
cfn=(281)
calls=1 +17 
* 1733
* 5
* 1
+1 2
+3 5
cfi=(69)
cfn=(384)
calls=1 -58 
* 1307
+2 6
+1 3
cfi=(92)
cfn=(392)
calls=1 -34 
* 241084
* 1
+2 2
+1 30110
+1 90330
cob=(3)
cfi=(93)
cfn=(398)
calls=30109 -29 
* 1116203
cob=(1)
cfi=(70)
cfn=(281)
calls=1 +6 
* 1546
* 30114
* 210770
cfi=(98)
cfn=(430) Bitpack_newu
calls=30110 +32 
* 4697160
* 30110
+1 90330
cob=(3)
cfi=(93)
cfn=(398)
calls=30110 -30 
* 1114070
* 30110
* 210770
cfi=(98)
cfn=(430)
calls=30110 +31 
* 4697160
* 30110
+1 90330
cob=(3)
cfi=(93)
cfn=(398)
calls=30110 -31 
* 1114070
* 30110
* 210770
cfi=(98)
cfn=(430)
calls=30110 +30 
* 4697160
* 30110
+1 90330
cob=(3)
cfi=(93)
cfn=(398)
calls=30110 -32 
* 1114070
* 30110
* 210770
cfi=(98)
cfn=(430)
calls=30110 +29 
* 4516500
* 30110
+1 180660
cfi=(92)
cfn=(438)
calls=30110 -8 
* 391430
-6 120443
+9 3
cob=(1)
cfi=(70)
cfn=(281)
calls=1 -1 
* 1794
* 5
+2 5
cfi=(78)
cfn=(470)
calls=1 -27 
* 44
+1 3

fl=(101)
fn=(492) parse_registers
299 357746165
+1 255532975
cfi=(98)
cfn=(484)
calls=51106595 86 
* 3168608890
* 153319785
+1 255532975
cfi=(98)
cfn=(484)
calls=51106595 86 
* 3168608890
* 153319785
+1 255532975
cfi=(98)
cfn=(484)
calls=51106595 86 
* 3168608890
* 153319785
+1 153319785

fn=(496)
47 136229128
+2 116767824
cfn=(492)
calls=19461304 299 
* 4281486880
+2 194613040
cfi=(78)
cfn=(476)
calls=19461304 +10 
* 739529552
* 19461304
+1 311380864
cfi=(92)
cfn=(480)
calls=19461304 +23 
* 194613040
* 19461304
+1 97306520

fn=(498)
137 21479450
+2 25775340
cfn=(492)
calls=4295890 299 
* 945095800
+2 85917800
+1 12887670

fn=(486)
281 195322200
+1 162768500
cfi=(98)
cfn=(484)
calls=32553700 86 
* 2018329400
* 32553700
+1 325537000
cfi=(98)
cfn=(484)
calls=32553700 86 
* 2018329400
* 32553700
+1 162768500

fn=(490)
244 24997763
+4 21426654
cfn=(492)
calls=3571109 +51 
* 785643980
+2 28568872
+1 35711090
+18 7142218

fn=(504)
158 9903838
+2 8489004
cfn=(492)
calls=1414834 299 
* 311263480
+2 11318672
cfi=(92)
cfn=(392)
calls=1414834 27 
* 240879194
* 1414834
+2 4244502
cfi=(78)
cfn=(506)
calls=1414834 -16 
* 24052178
* 2829668
+1 168384
cfi=(78)
cfn=(510)
calls=21048 +10 
* 147336

ob=(5)
fl=(61)
fn=(624)
0 8
cob=(1)
cfi=(70)
cfn=(281)
calls=1 71 
0 1089
0 5
0 1
cfn=(642) 0x0000000000000570
calls=1 0 
0 9
0 3

fn=(642)
0 9

fn=(230)
0 16

ob=(6)
fl=(101)
fn=(504)
165 21048
+1 105240
cfi=(78)
cfn=(470)
calls=21048 47 
* 1013252
+6 21048
-4 4181358
cfi=(78)
cfn=(554)
calls=1393786 -32 
* 50176296
* 1393786
+1 8362716
cfi=(78)
cfn=(550)
calls=1393786 -6 
* 61326584
+1 9756502
+2 7074170

fn=(568)
207 905
+1 905
cfi=(98)
cfn=(484)
calls=181 86 
* 11222
* 181
+1 1991
cob=(3)
cfi=(106)
cfn=(574)
calls=180 27 
* 73822
cob=(1)
cfi=(70)
cfn=(281)
calls=1 71 
* 1848
* 185
+1 543

fn=(500)
86 15705200
+2 18846240
cfn=(492)
calls=3141040 299 
* 691028800
+1 59679760
+1 9423120

fn=(502)
25 13732095
+2 16478514
cfn=(492)
calls=2746419 299 
* 604212180
+2 21971352
+1 29546760
+2 8239257

fn=(536)
187 8460270
+1 7050225
cfi=(98)
cfn=(484)
calls=1410045 86 
* 87422790
* 1410045
+1 9870315
+1 7050225
cfi=(78)
cfn=(538)
calls=1410045 76 
* 215737758
+1 7050225
cfi=(78)
cfn=(546)
calls=1410045 -67 
* 59931740
+2 1410045
+1 8460270
cfi=(78)
cfn=(550)
calls=1410045 -31 
* 62041980
+1 4230135

fn=(494)
68 97204488
+2 97204488
cfn=(492)
calls=16200748 299 
* 3564164560
+2 162007480
cfi=(78)
cfn=(476)
calls=16200748 -11 
* 615628424
* 16200748
+1 291613464
cfi=(92)
cfn=(438)
calls=16200748 -12 
* 210609724
+1 48602244

fn=(512)
102 524575
+2 629490
cfn=(492)
calls=104915 299 
* 23081300
+3 1993385
+1 314745

fn=(534)
120 851680
+2 1022016
cfn=(492)
calls=170336 299 
* 37473920
+2 3406720
+1 511008

fl=(98)
fn=(434) shr
31 1526346265
+1 610538506
+1 610538506
+1 60220
+2 1526195715
+1 610538506

fn=(432) Bitpack_fitsu
65 602200
+1 240880
+4 602200
cfn=(434)
calls=120440 -39 
* 1927040
* 240880
+1 240880

fn=(436) shl
19 1525744065
+1 610297626
+1 610297626
+1 60220
+2 1525593515
+1 610297626

fn=(430)
97 1083960
+1 481760
+1 240880
+1 602200
cfn=(432)
calls=120440 -35 
* 3854080
* 361320
+2 602200
cfn=(434)
calls=120440 -71 
* 1927040
* 602200
cfn=(436)
calls=120440 -83 
* 1927040
* 120440
+1 1204400
cfn=(436)
calls=120440 -84 
* 1836710
* 361320
cfn=(434)
calls=120440 -72 
* 1836710
* 240880
+1 602200
-2 120440
+3 602200

fn=(484)
86 2134355531
+1 1219631732
+1 609815866
+2 3049079330
cfn=(436)
calls=304907933 -71 
* 4878526928
* 914723799
cfn=(434)
calls=304907933 -59 
* 4878526928

ob=(5)
fl=(61)
fn=(230)
0 1

ob=(6)
fl=(98)
fn=(484)
92 1219631732

totals: 39569029901
